 0
 0
 3
 5
 5
 4
 3
 4
 6
 5
 4
 1
 1
 3
 5
 5
 3
 1
 5
 5
 6
 9
 12
 18
 20
 26
 27
 24
 11
 6
 -2
 -3
 -9
 -10
 -9
 -4
 -10
 -8
 -8
 -11
 -11
 -13
 -17
 -14
 -16
 -14
 -12
 -10
 -13
 -9
 -3
 2
 2
 -3
 -6
 -2
 0
 -4
 -6
 -8
 -7
 -3
 1
 5
 6
 3
 -4
 -6
 -8
 -10
 -5
 23
 65
 123
 186
 250
 296
 283
 205
 98
 -7
 -108
 -199
 -254
 -261
 -220
 -153
 -99
 -56
 -31
 -30
 -24
 -15
 -20
 -22
 -25
 -26
 -20
 -9
 -10
 -4
 -4
 -5
 0
 4
 -3
 -1
 -3
 -3
 0
 1
 0
 -1
 -3
 -1
 3
 4
 2
 -1
 1
 -1
 2
 0
 4
 4
 2
 -1
 4
 2
 4
 0
 -3
 -2
 3
 4
 5
 1
 0
 -1
 0
 5
 4
 0
 3
 7
 13
 14
 7
 7
 6
 5
 8
 6
 8
 8
 6
 9
 13
 11
 11
 9
 11
 14
 17
 15
 13
 15
 18
 16
 15
 13
 13
 15
 13
 8
 10
 11
 13
 8
 2
 1
 3
 3
 0
 -8
 -11
 -9
 -10
 -10
 -14
 -19
 -19
 -15
 -16
 -16
 -17
 -17
 -14
 -12
 -12
 -9
 -11
 -12
 -13
 -13
 -8
 -6
 -5
 -1
 -4
 -5
 -3
 -8
 -4
 -6
 -4
 -3
 0
 3
 4
 0
 -1
 -4
 0
 2
 2
 1
 -1
 -2
 0
 2
 3
 2
 3
 6
 7
 6
 5
 1
 -5
 -5
 -2
 1
 3
 2
 5
 5
 5
 1
 3
 3
 0
 -4
 -1
 0
 3
 -1
 -4
 -4
 2
 3
 2
 0
 -2
 -4
 1
 -1
 -1
 0
 -6
 -4
 1
 2
 2
 -1
 -1
 2
 2
 -2
 -2
 -3
 -2
 -4
 -3
 -1
 3
 -2
 -1
 2
 3
 4
 4
 1
 2
 -2
 -3
 0
 1
 -3
 -5
 -6
 1
 0
 0
 2
 -2
 -3
 3
 2
 6
 3
 -1
 4
 1
 4
 0
 -3
 -2
 -1
 0
 8
 1
 1
 1
 2
 5
 8
 6
 4
 4
 4
 5
 4
 8
 12
 15
 16
 24
 28
 27
 18
 7
 1
 0
 -8
 -12
 -14
 -13
 -10
 -9
 -7
 -7
 -7
 -9
 -11
 -8
 -9
 -10
 -15
 -16
 -14
 -9
 -6
 -1
 -3
 1
 -7
 -5
 -7
 -6
 -3
 -2
 -4
 1
 5
 9
 5
 -1
 -7
 -3
 -2
 -6
 -11
 -12
 11
 55
 98
 149
 209
 261
 278
 232
 138
 42
 -54
 -149
 -217
 -241
 -225
 -169
 -119
 -77
 -49
 -35
 -31
 -27
 -28
 -31
 -25
 -17
 -12
 -5
 -1
 -3
 -2
 -5
 -4
 -3
 -9
 -5
 -3
 5
 5
 3
 -1
 -1
 -5
 -2
 -1
 1
 -2
 -2
 2
 6
 7
 2
 1
 0
 0
 0
 -1
 -1
 0
 -3
 -3
 0
 3
 5
 4
 0
 0
 6
 7
 6
 2
 1
 2
 4
 6
 6
 4
 6
 4
 8
 12
 8
 2
 5
 1
 6
 7
 9
 12
 18
 12
 17
 16
 16
 13
 9
 5
 10
 12
 13
 14
 14
 13
 15
 18
 13
 9
 7
 2
 5
 4
 -2
 1
 -1
 -2
 1
 -2
 -4
 -7
 -11
 -12
 -14
 -13
 -10
 -11
 -13
 -13
 -10
 -8
 -9
 -12
 -15
 -10
 -9
 -7
 -8
 -9
 -12
 -8
 -7
 -5
 -4
 -4
 -6
 -4
 1
 2
 2
 -4
 -4
 -2
 3
 0
 1
 -3
 2
 3
 3
 1
 -1
 0
 3
 2
 2
 4
 4
 7
 4
 2
 1
 3
 1
 2
 -2
 -4
 -2
 3
 1
 3
 1
 3
 6
 5
 3
 2
 0
 -4
 -3
 -2
 2
 -1
 -4
 -4
 1
 4
 2
 -1
 0
 3
 3
 2
 2
 0
 -3
 -5
 -3
 0
 0
 -2
 0
 -3
 2
 -1
 1
 1
 -3
 -4
 2
 1
 2
 -2
 -2
 -1
 0
 3
 2
 1
 0
 -2
 1
 4
 1
 -2
 0
 0
 2
 1
 1
 0
 0
 -3
 -1
 -1
 3
 -2
 -2
 -1
 1
 2
 5
 7
 7
 6
 8
 12
 12
 8
 1
 2
 2
 2
 0
 4
 7
 7
 15
 24
 25
 24
 13
 6
 6
 0
 -9
 -14
 -17
 -15
 -8
 -7
 -6
 -7
 -7
 -8
 -4
 -7
 -10
 -12
 -13
 -16
 -12
 -12
 -8
 -7
 -11
 -9
 -1
 -1
 1
 -4
 -4
 -2
 -3
 -2
 -1
 -5
 -4
 -2
 2
 7
 3
 -3
 -8
 -13
 -12
 1
 27
 71
 121
 176
 242
 290
 291
 238
 140
 37
 -64
 -165
 -233
 -256
 -245
 -200
 -145
 -91
 -51
 -36
 -37
 -32
 -23
 -24
 -23
 -25
 -23
 -18
 -6
 -4
 -1
 -5
 -4
 -3
 -1
 -5
 -4
 -4
 -5
 -3
 0
 2
 3
 1
 -1
 -2
 0
 0
 0
 -2
 -2
 -2
 1
 2
 2
 1
 0
 -1
 -1
 3
 1
 1
 -1
 0
 1
 4
 2
 0
 -3
 -2
 2
 4
 5
 3
 3
 4
 6
 7
 7
 4
 4
 2
 4
 9
 9
 10
 9
 11
 13
 14
 13
 14
 9
 11
 11
 14
 15
 15
 11
 11
 15
 16
 16
 13
 6
 8
 9
 7
 9
 3
 3
 4
 1
 5
 3
 -2
 -3
 -8
 -8
 -8
 -11
 -14
 -19
 -16
 -14
 -16
 -14
 -18
 -16
 -16
 -18
 -14
 -9
 -11
 -10
 -11
 -6
 -2
 -4
 -7
 -8
 -8
 -7
 -5
 -2
 -6
 -6
 -5
 -2
 3
 0
 -5
 -1
 1
 3
 4
 2
 1
 -1
 -3
 -2
 0
 -2
 -2
 -1
 3
 4
 4
 4
 6
 3
 0
 0
 1
 1
 -2
 -5
 -5
 1
 3
 4
 0
 0
 0
 3
 4
 2
 2
 0
 -3
 -2
 -3
 -4
 -1
 -3
 -1
 2
 2
 5
 3
 -3
 -2
 -1
 1
 1
 -3
 -3
 -1
 0
 1
 1
 -2
 -3
 -4
 -3
 -3
 -1
 -4
 0
 1
 3
 4
 4
 -1
 -3
 -5
 -5
 -5
 -4
 -4
 0
 3
 3
 3
 6
 5
 0
 -6
 -5
 1
 4
 0
 -5
 -3
 0
 5
 2
 -1
 -3
 -1
 1
 6
 1
 0
 -3
 -1
 2
 7
 6
 4
 5
 7
 10
 11
 5
 1
 1
 1
 4
 7
 8
 13
 16
 19
 18
 17
 12
 6
 -1
 -5
 -9
 -5
 -7
 -7
 -7
 -10
 -10
 -8
 -13
 -13
 -16
 -17
 -13
 -10
 -13
 -14
 -15
 -12
 -5
 -2
 -4
 -7
 -6
 -4
 -6
 -7
 -6
 -5
 -2
 -2
 2
 6
 3
 -3
 -3
 -2
 -4
 -9
 -14
 -10
 2
 32
 82
 131
 183
 236
 285
 301
 255
 156
 51
 -54
 -153
 -232
 -264
 -252
 -207
 -157
 -108
 -61
 -33
 -28
 -27
 -29
 -24
 -19
 -20
 -20
 -18
 -19
 -14
 -8
 -6
 -3
 -4
 -5
 -5
 -1
 -1
 -1
 -5
 -6
 -2
 3
 5
 5
 1
 4
 3
 0
 2
 0
 0
 0
 -3
 2
 5
 1
 -2
 -4
 -2
 3
 1
 0
 0
 2
 1
 3
 0
 2
 1
 2
 -2
 1
 0
 4
 -1
 1
 1
 5
 4
 7
 4
 7
 4
 5
 9
 9
 7
 8
 4
 7
 11
 12
 11
 5
 8
 13
 16
 15
 13
 13
 19
 16
 18
 17
 14
 11
 9
 8
 13
 12
 11
 9
 8
 11
 11
 7
 5
 0
 1
 4
 0
 -1
 -4
 -8
 -11
 -15
 -16
 -13
 -16
 -20
 -22
 -20
 -17
 -14
 -15
 -17
 -15
 -10
 -8
 -4
 -10
 -10
 -7
 -8
 -7
 -6
 -6
 -7
 -8
 -6
 0
 3
 2
 -2
 -1
 0
 1
 0
 -5
 -5
 -4
 -2
 -1
 3
 1
 0
 -1
 1
 1
 1
 -6
 -5
 -3
 -1
 3
 3
 3
 3
 0
 2
 3
 -1
 1
 -2
 0
 3
 2
 5
 4
 0
 1
 0
 4
 5
 0
 -3
 1
 2
 6
 3
 -1
 -2
 -2
 -3
 0
 -3
 -6
 -6
 -1
 1
 2
 0
 1
 2
 1
 -3
 -1
 -2
 -4
 -5
 -4
 -3
 1
 4
 2
 3
 0
 -3
 1
 -1
 -4
 -1
 -1
 -2
 1
 6
 2
 -1
 -4
 -1
 5
 4
 -2
 -1
 1
 2
 2
 4
 0
 -3
 -3
 -1
 1
 1
 -4
 -2
 0
 0
 1
 2
 -2
 0
 3
 1
 6
 1
 -2
 -2
 -1
 0
 5
 5
 7
 7
 9
 7
 8
 9
 6
 5
 0
 1
 8
 15
 15
 19
 23
 30
 29
 22
 9
 5
 -2
 -7
 -10
 -9
 -10
 -9
 -13
 -11
 -10
 -9
 -12
 -16
 -18
 -16
 -16
 -13
 -16
 -14
 -13
 -11
 -7
 -3
 -7
 -4
 -6
 -3
 1
 2
 -3
 -3
 -4
 1
 1
 2
 1
 1
 1
 -3
 -7
 -8
 -14
 -13
 1
 32
 82
 128
 180
 242
 291
 303
 262
 167
 60
 -51
 -159
 -242
 -276
 -269
 -229
 -172
 -114
 -64
 -33
 -24
 -25
 -20
 -18
 -18
 -18
 -18
 -21
 -16
 -10
 -9
 -3
 -1
 -1
 2
 0
 -4
 1
 2
 0
 1
 1
 1
 5
 5
 0
 0
 -2
 1
 4
 3
 0
 0
 0
 2
 3
 3
 1
 2
 0
 0
 3
 3
 4
 5
 3
 4
 6
 3
 2
 -3
 -3
 0
 4
 6
 4
 4
 7
 7
 6
 6
 2
 3
 0
 4
 9
 11
 8
 10
 10
 9
 8
 7
 6
 5
 5
 6
 13
 14
 12
 13
 15
 15
 18
 14
 11
 12
 10
 9
 9
 9
 10
 10
 8
 6
 11
 11
 7
 5
 2
 2
 5
 3
 1
 -2
 -2
 0
 -2
 -6
 -13
 -15
 -13
 -17
 -17
 -15
 -16
 -15
 -15
 -14
 -10
 -8
 -9
 -7
 -6
 -5
 -5
 -4
 -6
 -6
 -8
 -6
 -3
 -2
 -2
 -4
 -6
 -2
 -1
 -2
 -2
 -4
 -3
 2
 4
 8
 4
 2
 3
 5
 4
 4
 -1
 1
 -1
 -3
 2
 3
 -1
 -1
 -1
 2
 5
 4
 0
 -1
 2
 2
 2
 2
 -3
 -1
 1
 -1
 2
 5
 3
 2
 3
 0
 3
 3
 -1
 -1
 1
 0
 3
 2
 -2
 -1
 -2
 -4
 0
 2
 0
 -1
 -3
 -1
 5
 1
 -4
 -4
 -1
 1
 1
 1
 -1
 0
 0
 0
 1
 3
 -2
 -1
 0
 -1
 1
 4
 0
 0
 -1
 0
 4
 2
 -1
 -2
 -1
 1
 3
 1
 0
 -2
 0
 1
 2
 0
 0
 -2
 -2
 0
 -1
 1
 3
 -2
 1
 0
 0
 3
 -2
 -3
 1
 0
 1
 3
 1
 2
 -1
 -3
 1
 6
 4
 3
 0
 4
 9
 7
 3
 3
 1
 7
 10
 13
 16
 16
 19
 26
 29
 25
 18
 7
 4
 -2
 -8
 -12
 -15
 -17
 -11
 -9
 -8
 -4
 -9
 -11
 -9
 -13
 -14
 -16
 -19
 -18
 -16
 -19
 -13
 -11
 -10
 -10
 -9
 -8
 -1
 0
 0
 -2
 -5
 -3
 0
 0
 -4
 -4
 0
 2
 -1
 -2
 -9
 -12
 -12
 -9
 15
 51
 92
 136
 189
 243
 278
 260
 191
 91
 -2
 -103
 -197
 -249
 -260
 -231
 -180
 -127
 -72
 -33
 -24
 -23
 -24
 -22
 -20
 -21
 -23
 -17
 -17
 -8
 -1
 -4
 -5
 -4
 -8
 -3
 -1
 0
 1
 0
 -2
 -1
 -1
 -2
 -2
 -1
 -2
 2
 1
 1
 -2
 -5
 -6
 -5
 -1
 3
 5
 1
 1
 -3
 3
 -2
 -3
 -10
 -6
 -1
 5
 5
 6
 4
 6
 4
 2
 2
 -2
 -5
 -2
 2
 10
 4
 4
 2
 3
 2
 1
 -4
 0
 -3
 0
 5
 9
 11
 11
 8
 6
 6
 5
 7
 4
 6
 7
 11
 12
 15
 10
 13
 10
 9
 11
 15
 13
 9
 6
 6
 11
 12
 4
 5
 7
 9
 11
 10
 6
 6
 0
 -1
 -3
 -4
 -8
 -11
 -10
 -11
 -8
 -8
 -13
 -10
 -9
 -12
 -14
 -15
 -16
 -16
 -16
 -16
 -12
 -3
 -4
 -6
 -2
 -5
 0
 -2
 -7
 -8
 -5
 -3
 4
 1
 -2
 -2
 0
 3
 2
 -8
 -10
 -4
 -3
 -8
 -6
 -1
 5
 5
 0
 -2
 8
 10
 6
 0
 -4
 -2
 6
 4
 -3
 -8
 -6
 3
 8
 3
 1
 5
 2
 5
 3
 -1
 -2
 -2
 -7
 1
 4
 5
 5
 2
 0
 2
 2
 -1
 -6
 -8
 -3
 -3
 0
 0
 3
 3
 2
 0
 6
 2
 3
 1
 0
 1
 -1
 -6
 -6
 -6
 -6
 0
 2
 2
 3
 5
 2
 -3
 -7
 -2
 4
 2
 -1
 -4
 1
 7
 2
 -6
 -6
 -3
 1
 0
 -6
 -7
 -3
 -1
 -2
 2
 1
 1
 0
 0
 3
 3
 -1
 0
 2
 2
 6
 4
 8
 9
 7
 7
 10
 9
 10
 4
 0
 5
 12
 20
 23
 17
 11
 6
 11
 5
 -1
 -12
 -15
 -11
 -1
 -7
 -12
 -16
 -16
 -14
 -11
 -12
 -16
 -14
 -14
 -12
 -5
 -3
 -3
 -1
 -1
 1
 7
 3
 -7
 -17
 -17
 -12
 -6
 -2
 2
 6
 8
 3
 -2
 -4
 -12
 -15
 -13
 -5
 15
 47
 88
 142
 200
 264
 312
 305
 232
 119
 4
 -114
 -214
 -281
 -294
 -263
 -200
 -142
 -82
 -43
 -25
 -27
 -20
 -21
 -14
 -10
 -10
 -11
 -5
 -4
 3
 2
 -3
 -1
 -1
 -1
 3
 3
 3
 0
 0
 -3
 0
 -1
 -1
 -5
 0
 -2
 0
 0
 3
 0
 3
 1
 3
 5
 1
 1
 1
 -3
 0
 1
 3
 7
 3
 -2
 1
 0
 -3
 -3
 -5
 -3
 8
 10
 8
 8
 4
 5
 7
 6
 4
 2
 0
 2
 8
 9
 7
 4
 9
 11
 15
 9
 7
 6
 7
 5
 7
 3
 5
 9
 11
 18
 21
 21
 18
 16
 10
 7
 5
 6
 5
 10
 8
 6
 8
 10
 3
 1
 -2
 -2
 0
 -4
 -8
 -5
 -10
 -11
 -12
 -11
 -9
 -13
 -17
 -12
 -9
 -8
 -9
 -13
 -12
 -13
 -7
 -8
 -3
 -8
 -5
 -4
 1
 -4
 -4
 -6
 1
 0
 3
 4
 2
 0
 -1
 -3
 3
 4
 4
 2
 5
 2
 2
 2
 0
 -1
 -2
 -5
 2
 6
 3
 -2
 -4
 4
 9
 8
 5
 2
 3
 5
 4
 1
 -5
 -3
 -1
 2
 5
 3
 1
 0
 -2
 -1
 1
 0
 -2
 -3
 -2
 -3
 6
 5
 6
 10
 15
 16
 10
 -4
 -13
 -18
 -21
 -23
 -17
 0
 11
 29
 29
 19
 8
 1
 -9
 -13
 -17
 -11
 1
 15
 12
 9
 -1
 -6
 -8
 -8
 -9
 -4
 1
 7
 7
 6
 6
 6
 7
 6
 7
 7
 2
 0
 -3
 -5
 -3
 0
 -3
 0
 -1
 0
 4
 6
 5
 6
 5
 6
 5
 8
 6
 2
 1
 5
 12
 20
 19
 24
 29
 29
 28
 18
 10
 2
 -8
 -12
 -12
 -14
 -10
 -10
 -6
 -4
 -1
 -2
 -4
 -5
 -4
 -7
 -6
 -13
 -18
 -19
 -16
 -18
 -17
 -15
 -14
 -4
 -4
 -5
 -2
 2
 -3
 0
 -4
 2
 3
 6
 -1
 -3
 -9
 -11
 -15
 -3
 25
 75
 141
 223
 307
 363
 351
 270
 148
 14
 -115
 -222
 -286
 -295
 -260
 -190
 -123
 -71
 -51
 -48
 -51
 -41
 -36
 -34
 -29
 -25
 -20
 -14
 -8
 -6
 -2
 -4
 -5
 -5
 2
 0
 -3
 -6
 -5
 -2
 2
 1
 2
 2
 4
 0
 4
 4
 4
 0
 0
 -1
 3
 4
 2
 -1
 -2
 -1
 4
 3
 -4
 -6
 -5
 0
 1
 2
 0
 4
 5
 6
 4
 5
 1
 2
 -1
 2
 3
 7
 3
 3
 5
 8
 11
 11
 9
 11
 9
 8
 15
 14
 13
 11
 11
 13
 18
 15
 14
 13
 14
 16
 21
 19
 18
 13
 13
 16
 15
 10
 9
 5
 9
 9
 4
 9
 3
 0
 0
 -4
 -6
 -7
 -13
 -11
 -15
 -20
 -19
 -18
 -17
 -20
 -20
 -19
 -16
 -14
 -14
 -14
 -13
 -16
 -11
 -8
 -7
 -4
 -6
 -5
 1
 2
 0
 -6
 -11
 -9
 -4
 -2
 -6
 -3
 1
 3
 5
 4
 1
 1
 -2
 -2
 0
 3
 -1
 1
 3
 2
 5
 3
 1
 6
 3
 0
 0
 0
 1
 1
 0
 -1
 2
 6
 5
 5
 4
 -1
 0
 1
 0
 1
 -5
 -5
 1
 7
 5
 1
 -4
 0
 2
 4
 -1
 -2
 -2
 -2
 2
 4
 -2
 -4
 -4
 -2
 2
 1
 -2
 0
 1
 2
 7
 4
 3
 -2
 -4
 -1
 1
 -2
 0
 -1
 2
 1
 2
 -1
 -1
 -2
 -2
 -2
 0
 -1
 1
 -1
 0
 -3
 0
 2
 2
 1
 -2
 -2
 2
 1
 2
 0
 -4
 1
 1
 6
 7
 4
 3
 4
 7
 9
 5
 1
 -2
 0
 7
 7
 12
 19
 24
 27
 23
 20
 16
 8
 -2
 -10
 -15
 -10
 -11
 -13
 -15
 -14
 -7
 0
 -5
 -9
 -15
 -15
 -13
 -17
 -19
 -20
 -17
 -9
 -8
 -8
 -5
 -3
 3
 -1
 -1
 5
 4
 -1
 -5
 -7
 -2
 1
 -4
 -3
 -2
 -2
 -1
 -3
 0
 26
 69
 133
 210
 286
 338
 328
 250
 135
 8
 -118
 -219
 -276
 -280
 -238
 -175
 -113
 -63
 -43
 -43
 -38
 -29
 -23
 -20
 -22
 -16
 -7
 -5
 -14
 -25
 -33
 -35
 -36
 -34
 -29
 -18
 -5
 3
 9
 10
 10
 7
 6
 6
 7
 7
 6
 4
 1
 -3
 -3
 2
 3
 1
 -1
 -1
 4
 5
 -1
 -3
 -2
 -2
 -3
 -4
 -4
 -5
 -4
 -2
 -2
 3
 6
 6
 4
 0
 -3
 3
 3
 -1
 -3
 0
 0
 7
 3
 3
 4
 2
 5
 13
 9
 8
 6
 6
 15
 15
 11
 8
 6
 8
 8
 10
 14
 16
 23
 24
 19
 26
 23
 16
 11
 3
 0
 5
 3
 1
 -1
 1
 3
 8
 7
 3
 -3
 -3
 -4
 -2
 -10
 -18
 -28
 -33
 -29
 -25
 -25
 -23
 -18
 -10
 -2
 -5
 -9
 -10
 -6
 -2
 -4
 -4
 -1
 0
 -2
 -4
 -6
 0
 -2
 -5
 -8
 -5
 -4
 -4
 -3
 1
 1
 2
 -3
 2
 6
 4
 1
 -2
 1
 4
 3
 0
 -1
 -4
 -2
 1
 5
 4
 3
 0
 3
 4
 4
 2
 0
 1
 3
 6
 8
 5
 4
 1
 -3
 -1
 -2
 -1
 1
 0
 4
 7
 4
 3
 -3
 -3
 1
 0
 2
 0
 -3
 -2
 -5
 -2
 2
 0
 0
 -2
 1
 0
 -2
 -8
 -9
 -11
 -4
 2
 6
 6
 10
 12
 18
 26
 30
 23
 7
 -9
 -19
 -27
 -40
 -46
 -38
 -22
 -5
 9
 22
 32
 28
 15
 0
 -5
 -4
 -7
 -15
 -15
 -7
 10
 14
 8
 7
 8
 9
 12
 6
 3
 0
 -2
 3
 7
 14
 23
 30
 29
 25
 20
 16
 7
 -3
 -12
 -11
 -7
 -7
 -6
 -7
 -9
 -10
 -9
 -11
 -12
 -20
 -24
 -22
 -16
 -12
 -9
 -8
 -3
 -2
 1
 1
 -1
 -3
 -5
 -6
 -2
 1
 1
 0
 -3
 -1
 2
 1
 -6
 -11
 -17
 -12
 3
 41
 93
 149
 213
 284
 330
 317
 234
 118
 -3
 -122
 -216
 -267
 -277
 -243
 -182
 -121
 -68
 -45
 -47
 -44
 -36
 -33
 -27
 -23
 -19
 -18
 -19
 -17
 -12
 -9
 -7
 -2
 3
 7
 9
 5
 -2
 -4
 -8
 -8
 -5
 -2
 -2
 2
 3
 5
 8
 8
 1
 -1
 -3
 -5
 -3
 -4
 -6
 -2
 -4
 -2
 1
 3
 4
 4
 3
 4
 5
 6
 7
 1
 0
 -1
 4
 5
 4
 0
 1
 3
 5
 5
 4
 3
 2
 4
 6
 8
 8
 9
 7
 7
 10
 13
 13
 10
 8
 9
 12
 12
 8
 6
 7
 6
 10
 11
 11
 14
 14
 14
 20
 20
 16
 9
 4
 4
 12
 12
 11
 13
 17
 18
 18
 6
 -3
 -8
 -14
 -15
 -15
 -14
 -8
 -5
 -9
 -13
 -15
 -17
 -19
 -23
 -23
 -19
 -10
 -8
 -6
 -9
 -8
 -9
 -1
 -1
 -4
 -4
 0
 -2
 2
 -1
 -4
 -2
 -4
 -4
 0
 1
 0
 2
 0
 1
 2
 2
 2
 -4
 -4
 0
 4
 6
 6
 1
 6
 1
 6
 4
 2
 -2
 -1
 1
 6
 4
 6
 2
 0
 0
 -4
 -4
 -4
 -9
 -6
 2
 5
 10
 4
 3
 0
 3
 3
 2
 -2
 5
 1
 0
 -2
 -3
 -5
 -1
 -4
 -3
 6
 7
 4
 0
 -5
 -4
 -2
 0
 -4
 -4
 0
 1
 3
 3
 0
 3
 2
 2
 4
 5
 1
 -3
 -5
 -4
 -2
 -1
 -2
 0
 1
 1
 5
 4
 3
 -3
 -7
 -8
 -5
 -7
 -5
 -7
 -2
 3
 6
 7
 6
 2
 2
 -1
 3
 2
 1
 2
 3
 2
 6
 4
 5
 1
 -2
 0
 7
 7
 2
 0
 1
 6
 13
 15
 20
 28
 32
 30
 27
 16
 11
 2
 -3
 -12
 -10
 -13
 -11
 -17
 -12
 -15
 -8
 -9
 -9
 -11
 -13
 -19
 -18
 -20
 -19
 -19
 -17
 -13
 -5
 -2
 -2
 -3
 0
 -3
 4
 1
 0
 -2
 -1
 -3
 3
 3
 2
 -1
 -2
 -2
 -1
 -6
 -16
 -17
 -11
 7
 41
 82
 129
 185
 243
 286
 289
 229
 133
 27
 -76
 -174
 -241
 -260
 -237
 -184
 -127
 -82
 -48
 -29
 -32
 -35
 -37
 -37
 -38
 -30
 -28
 -21
 -15
 -15
 -9
 0
 1
 0
 -4
 -4
 3
 2
 0
 -3
 -5
 -3
 -1
 -1
 1
 3
 4
 5
 3
 6
 4
 -1
 -3
 -4
 -1
 2
 0
 -1
 2
 1
 4
 5
 5
 1
 2
 -1
 4
 6
 6
 4
 1
 -1
 2
 0
 -3
 -4
 -5
 -3
 1
 1
 3
 2
 -1
 2
 6
 6
 7
 4
 3
 6
 6
 5
 5
 5
 5
 5
 5
 7
 10
 10
 10
 10
 15
 17
 16
 10
 9
 7
 6
 7
 8
 4
 10
 9
 12
 16
 14
 10
 11
 8
 9
 11
 10
 6
 5
 4
 5
 0
 -4
 -7
 -13
 -18
 -18
 -20
 -14
 -15
 -15
 -13
 -4
 -5
 -8
 -13
 -14
 -16
 -9
 -14
 -10
 -3
 -2
 -2
 1
 -1
 0
 1
 -7
 -10
 -5
 -6
 -6
 -4
 -7
 -4
 2
 5
 10
 7
 5
 3
 4
 4
 1
 -5
 -5
 -4
 2
 6
 4
 -1
 -1
 0
 2
 2
 -3
 -4
 -4
 -3
 2
 0
 1
 1
 4
 4
 8
 5
 6
 2
 2
 -3
 0
 -1
 3
 2
 1
 0
 7
 7
 5
 -4
 -4
 -2
 6
 3
 2
 -3
 1
 -2
 -5
 -11
 -7
 -8
 -2
 -2
 6
 10
 10
 5
 3
 1
 2
 0
 -4
 -5
 -6
 -3
 -3
 -2
 -6
 -2
 0
 2
 -2
 2
 -2
 2
 -3
 -3
 -2
 5
 0
 3
 0
 -1
 0
 -1
 -3
 1
 0
 -1
 3
 3
 5
 5
 -2
 -4
 3
 9
 8
 6
 3
 3
 6
 6
 0
 -1
 -3
 -2
 7
 18
 15
 18
 24
 30
 29
 19
 4
 -3
 -9
 -18
 -21
 -19
 -11
 -7
 -5
 -5
 -2
 -6
 -8
 -11
 -14
 -15
 -17
 -17
 -14
 -10
 -11
 -12
 -7
 1
 4
 -1
 -6
 -6
 -3
 -7
 -7
 -7
 -3
 -3
 -3
 3
 11
 8
 2
 -5
 -5
 -6
 -11
 -18
 -11
 13
 61
 111
 168
 232
 290
 310
 273
 186
 83
 -25
 -143
 -235
 -272
 -261
 -223
 -175
 -126
 -73
 -42
 -37
 -40
 -36
 -29
 -26
 -22
 -16
 -14
 -6
 -4
 -5
 -3
 -6
 -9
 -4
 -2
 0
 3
 7
 9
 10
 6
 2
 0
 -4
 -9
 -11
 -9
 -8
 -5
 0
 8
 7
 6
 4
 3
 5
 3
 -5
 -7
 -6
 -4
 -1
 -3
 -3
 -1
 3
 6
 5
 6
 5
 1
 -1
 5
 2
 6
 4
 4
 6
 8
 5
 7
 2
 3
 3
 7
 10
 9
 9
 6
 4
 8
 9
 8
 8
 6
 10
 15
 12
 13
 14
 12
 11
 13
 11
 14
 17
 11
 9
 10
 8
 11
 9
 3
 4
 7
 9
 10
 4
 2
 0
 2
 4
 0
 -5
 -9
 -13
 -13
 -11
 -12
 -12
 -15
 -13
 -11
 -9
 -12
 -14
 -14
 -12
 -9
 -8
 -6
 -6
 -10
 -10
 -6
 -4
 0
 -6
 -3
 -1
 1
 3
 -2
 -6
 -3
 -4
 -1
 2
 1
 2
 -1
 -3
 -4
 0
 1
 1
 1
 3
 7
 9
 7
 1
 -1
 -3
 2
 4
 6
 1
 2
 0
 6
 4
 2
 0
 -2
 0
 2
 3
 2
 1
 -1
 3
 1
 2
 -1
 0
 -2
 -3
 -1
 1
 3
 2
 0
 -3
 3
 1
 3
 0
 0
 -4
 -1
 0
 -2
 -2
 -1
 -3
 2
 3
 -3
 -1
 -1
 -3
 1
 2
 3
 2
 3
 -4
 0
 -1
 0
 -3
 -4
 -3
 0
 1
 2
 1
 4
 3
 2
 4
 1
 -1
 -3
 -7
 -2
 0
 0
 -3
 -1
 -3
 2
 3
 3
 1
 3
 -1
 1
 3
 1
 -2
 1
 2
 7
 8
 2
 1
 -1
 -2
 0
 3
 6
 5
 6
 5
 6
 10
 10
 11
 19
 23
 32
 31
 24
 13
 10
 3
 -3
 -11
 -13
 -13
 -11
 -12
 -9
 -6
 -6
 -7
 -11
 -11
 -11
 -15
 -16
 -16
 -16
 -13
 -10
 -7
 -2
 -1
 -2
 -4
 -3
 0
 0
 -3
 -7
 -5
 -2
 0
 1
 -4
 -7
 -6
 -7
 -8
 -10
 -14
 -5
 22
 65
 113
 173
 240
 298
 310
 256
 155
 52
 -60
 -165
 -238
 -260
 -234
 -180
 -128
 -81
 -46
 -35
 -39
 -38
 -40
 -38
 -34
 -29
 -23
 -14
 -12
 -6
 -6
 -2
 -2
 -2
 -5
 -7
 -5
 0
 0
 -1
 -2
 -1
 4
 6
 5
 1
 0
 1
 -2
 0
 -6
 0
 2
 4
 0
 6
 2
 5
 -5
 -5
 -6
 -3
 -2
 0
 3
 6
 4
 5
 8
 5
 5
 -2
 -4
 0
 2
 2
 1
 0
 4
 9
 10
 7
 5
 4
 3
 7
 7
 8
 10
 9
 7
 14
 14
 15
 14
 10
 9
 14
 15
 15
 13
 14
 18
 18
 19
 13
 9
 9
 2
 0
 7
 6
 7
 8
 4
 8
 11
 4
 -3
 -8
 -14
 -11
 -12
 -14
 -17
 -17
 -15
 -11
 -13
 -13
 -18
 -18
 -15
 -16
 -10
 -10
 -12
 -10
 -10
 -9
 -4
 -6
 -8
 -5
 -6
 -2
 2
 2
 0
 -1
 -4
 0
 1
 -2
 -1
 -3
 -1
 1
 3
 7
 7
 -1
 -2
 3
 7
 4
 -2
 -3
 0
 4
 3
 1
 3
 3
 2
 7
 7
 5
 1
 -5
 -6
 -2
 -2
 -1
 2
 3
 3
 6
 7
 5
 3
 -3
 -4
 1
 3
 1
 -1
 -2
 -1
 5
 5
 3
 0
 -3
 -3
 -1
 -2
 0
 -3
 -3
 -2
 2
 4
 2
 -1
 -1
 1
 1
 0
 0
 -1
 -1
 -3
 -1
 1
 1
 0
 -2
 -5
 5
 5
 6
 4
 0
 -1
 4
 -1
 0
 -3
 -7
 -5
 2
 0
 1
 -2
 -1
 2
 3
 1
 -1
 1
 -2
 -1
 0
 1
 1
 4
 -3
 -1
 1
 1
 4
 4
 0
 1
 4
 5
 6
 2
 1
 5
 7
 9
 11
 14
 16
 20
 25
 31
 27
 19
 12
 5
 -1
 -9
 -14
 -14
 -11
 -9
 -3
 -2
 -5
 -9
 -14
 -18
 -19
 -25
 -21
 -15
 -12
 -8
 -2
 1
 4
 1
 -5
 -7
 -4
 -4
 -4
 -1
 -3
 1
 1
 0
 1
 0
 -5
 -9
 -11
 -12
 -6
 3
 29
 65
 122
 188
 261
 302
 295
 225
 128
 18
 -86
 -179
 -234
 -242
 -204
 -144
 -89
 -55
 -40
 -46
 -50
 -50
 -46
 -43
 -39
 -35
 -22
 -17
 -8
 -8
 -9
 -9
 -4
 -3
 -3
 -5
 -4
 -5
 -1
 -3
 -2
 -1
 -5
 -4
 -2
 1
 2
 1
 0
 0
 2
 3
 3
 3
 0
 0
 4
 0
 5
 2
 3
 -1
 0
 1
 4
 -1
 -3
 -4
 3
 4
 5
 3
 3
 4
 4
 7
 8
 2
 1
 0
 5
 9
 8
 6
 7
 4
 6
 6
 4
 1
 5
 5
 13
 14
 15
 13
 12
 7
 7
 7
 9
 2
 6
 8
 13
 18
 18
 17
 18
 13
 12
 12
 12
 10
 4
 0
 4
 7
 1
 -3
 -8
 -8
 -6
 -9
 -14
 -12
 -16
 -16
 -12
 -12
 -12
 -14
 -16
 -14
 -13
 -13
 -13
 -9
 -7
 -5
 -4
 1
 -1
 1
 -5
 -7
 -5
 -1
 -3
 -5
 -8
 -8
 -2
 0
 -1
 -1
 2
 5
 9
 7
 3
 -2
 -5
 -7
 -5
 -5
 -4
 -3
 1
 2
 6
 5
 5
 2
 2
 3
 4
 4
 5
 4
 3
 -2
 0
 2
 1
 0
 -2
 0
 4
 4
 4
 2
 1
 -2
 -1
 -2
 -3
 -7
 -5
 -7
 1
 0
 2
 0
 3
 1
 6
 4
 3
 1
 -1
 -4
 -1
 -1
 -2
 2
 0
 1
 0
 0
 -2
 -4
 -5
 -3
 -2
 3
 0
 -1
 1
 -2
 0
 0
 0
 2
 1
 0
 2
 3
 5
 5
 -1
 1
 -2
 -1
 1
 -2
 -4
 -1
 -4
 2
 1
 3
 2
 -2
 0
 4
 3
 3
 -4
 -5
 0
 1
 1
 2
 0
 3
 6
 7
 11
 10
 5
 7
 5
 5
 7
 2
 5
 10
 18
 27
 31
 23
 19
 12
 10
 3
 -6
 -14
 -13
 -9
 -8
 -9
 -8
 -10
 -10
 -10
 -12
 -14
 -18
 -21
 -18
 -17
 -15
 -14
 -7
 -3
 -3
 -7
 -1
 0
 2
 -1
 -6
 -7
 2
 -4
 0
 -2
 -3
 1
 1
 -7
 -7
 -15
 -15
 -11
 8
 46
 95
 154
 224
 283
 294
 244
 150
 42
 -63
 -149
 -206
 -224
 -199
 -153
 -102
 -64
 -55
 -62
 -61
 -55
 -49
 -43
 -36
 -24
 -18
 -15
 -14
 -11
 -5
 -2
 1
 0
 -1
 -2
 -3
 -2
 1
 -3
 -3
 -6
 -5
 6
 4
 0
 -1
 -4
 2
 5
 0
 -3
 -2
 0
 4
 3
 4
 -1
 -1
 1
 0
 4
 5
 -1
 0
 -1
 0
 4
 5
 2
 1
 1
 6
 8
 5
 4
 3
 5
 7
 9
 6
 5
 2
 2
 5
 5
 6
 8
 12
 11
 15
 15
 18
 11
 10
 5
 8
 9
 9
 9
 13
 10
 12
 12
 15
 13
 9
 8
 9
 9
 9
 4
 2
 1
 -2
 -1
 -1
 -8
 -12
 -14
 -15
 -11
 -13
 -15
 -11
 -12
 -12
 -10
 -10
 -9
 -8
 -11
 -11
 -7
 -6
 -7
 -8
 -7
 -8
 -7
 -7
 -6
 -5
 -7
 -8
 -2
 5
 3
 2
 -2
 -2
 -1
 4
 5
 3
 2
 3
 9
 9
 0
 -4
 1
 0
 3
 5
 3
 4
 -1
 1
 4
 3
 -2
 -1
 -2
 4
 3
 4
 3
 1
 1
 2
 1
 1
 -3
 -1
 2
 -3
 -2
 4
 1
 1
 -2
 -5
 -2
 2
 -5
 -4
 -3
 1
 2
 2
 -4
 -1
 -1
 -1
 -1
 1
 2
 4
 -1
 -3
 3
 3
 2
 0
 -1
 0
 3
 1
 -5
 -6
 -4
 -5
 -2
 -2
 -3
 0
 -2
 -5
 2
 2
 2
 -4
 -3
 1
 9
 5
 1
 -3
 -1
 -2
 0
 -1
 -1
 1
 0
 1
 5
 4
 0
 -3
 -7
 -4
 -1
 -2
 -5
 -3
 -5
 3
 9
 6
 1
 -1
 -2
 1
 0
 -3
 -2
 4
 11
 17
 28
 33
 30
 27
 19
 12
 7
 -4
 -17
 -17
 -16
 -13
 -7
 -5
 -5
 -2
 -6
 -10
 -11
 -13
 -21
 -23
 -25
 -22
 -14
 -8
 -9
 -4
 -3
 -1
 -1
 -3
 -5
 -7
 -7
 -9
 -4
 -2
 -1
 -5
 -2
 -3
 1
 -3
 -8
 -9
 -8
 -1
 20
 56
 93
 144
 204
 258
 261
 202
 101
 9
 -76
 -159
 -216
 -227
 -196
 -134
 -81
 -52
 -32
 -35
 -43
 -39
 -39
 -37
 -28
 -25
 -19
 -17
 -17
 -13
 -6
 -4
 -3
 -5
 1
 6
 7
 2
 -2
 -6
 -5
 -5
 -4
 -3
 -3
 -7
 -8
 -3
 0
 -1
 -4
 -7
 -2
 3
 0
 -6
 -5
 -4
 -2
 -1
 2
 7
 5
 -5
 -9
 -6
 0
 1
 -6
 -3
 5
 9
 9
 9
 4
 4
 4
 5
 6
 6
 -1
 -4
 -2
 4
 4
 4
 3
 5
 8
 11
 10
 11
 10
 11
 11
 15
 17
 16
 13
 12
 8
 8
 8
 9
 8
 6
 5
 3
 6
 8
 5
 4
 4
 5
 6
 3
 -8
 -10
 -14
 -12
 -12
 -11
 -12
 -9
 -11
 -12
 -11
 -10
 -11
 -11
 -9
 -9
 -4
 -5
 -7
 -7
 -9
 -10
 -8
 -5
 -3
 -4
 -4
 -1
 2
 3
 -1
 0
 -2
 0
 3
 4
 2
 2
 0
 2
 5
 6
 4
 2
 3
 5
 5
 5
 -3
 -1
 1
 2
 3
 6
 4
 7
 5
 8
 8
 6
 6
 2
 3
 3
 5
 6
 2
 4
 6
 6
 7
 6
 3
 8
 2
 2
 3
 5
 1
 3
 0
 0
 3
 3
 -1
 2
 -2
 -2
 5
 3
 4
 5
 1
 5
 8
 6
 5
 3
 -4
 -4
 0
 0
 -2
 -6
 -4
 2
 8
 3
 0
 -3
 3
 3
 6
 2
 4
 2
 2
 1
 3
 4
 3
 -1
 2
 7
 7
 5
 -1
 -2
 1
 0
 2
 4
 2
 5
 3
 5
 7
 5
 5
 5
 1
 4
 4
 8
 13
 15
 23
 29
 34
 30
 21
 13
 8
 0
 -4
 -8
 -10
 -9
 -11
 -12
 -9
 -3
 -6
 -7
 -9
 -10
 -8
 -10
 -17
 -13
 -14
 -12
 -6
 -4
 -7
 -7
 -10
 -1
 2
 3
 1
 0
 -2
 1
 -1
 3
 -2
 -4
 -2
 4
 3
 -5
 -16
 -20
 -21
 -11
 12
 48
 101
 162
 232
 293
 314
 270
 181
 77
 -29
 -136
 -211
 -242
 -229
 -186
 -138
 -88
 -49
 -39
 -46
 -46
 -42
 -37
 -33
 -29
 -27
 -22
 -22
 -18
 -11
 -10
 -14
 -8
 -8
 0
 3
 1
 -2
 1
 0
 3
 3
 1
 -1
 0
 -2
 -2
 -1
 -1
 1
 -1
 -3
 -2
 3
 5
 0
 -3
 -2
 0
 2
 2
 -1
 0
 -1
 2
 4
 6
 2
 1
 1
 4
 4
 4
 5
 4
 3
 6
 10
 11
 7
 4
 3
 6
 8
 7
 5
 5
 7
 10
 13
 16
 12
 10
 9
 5
 7
 11
 9
 12
 13
 15
 21
 19
 12
 10
 9
 9
 9
 5
 4
 2
 2
 3
 6
 6
 0
 -2
 -2
 -2
 -5
 -10
 -17
 -14
 -17
 -20
 -20
 -19
 -15
 -12
 -12
 -10
 -5
 -8
 -10
 -12
 -10
 -9
 -7
 -9
 -7
 -7
 -9
 -8
 -4
 -2
 -3
 -5
 -5
 -5
 -1
 -2
 -4
 -1
 0
 -1
 5
 4
 2
 0
 -3
 -1
 7
 5
 3
 3
 3
 3
 3
 0
 -3
 -4
 -4
 0
 3
 2
 -1
 0
 1
 3
 5
 4
 3
 3
 3
 -1
 2
 -2
 0
 -1
 -1
 -4
 3
 1
 -1
 -1
 0
 1
 8
 7
 5
 5
 0
 -3
 2
 3
 1
 -3
 -4
 0
 4
 2
 -3
 -4
 -3
 -3
 -1
 -1
 -3
 -3
 -3
 1
 6
 4
 4
 1
 -3
 1
 2
 2
 -3
 -6
 -3
 0
 -2
 -2
 -3
 -1
 1
 -1
 2
 4
 0
 -2
 -1
 -2
 1
 6
 0
 1
 -1
 1
 3
 3
 -4
 -4
 -8
 -4
 -4
 1
 -2
 -2
 1
 8
 8
 8
 1
 -2
 1
 2
 1
 -1
 0
 1
 5
 7
 14
 23
 29
 28
 25
 20
 16
 9
 -1
 -8
 -13
 -12
 -6
 -5
 -7
 -8
 -9
 -9
 -6
 -6
 -8
 -14
 -18
 -17
 -13
 -13
 -16
 -14
 -8
 -4
 -3
 -4
 -6
 -4
 -6
 -6
 -3
 -1
 -1
 0
 -3
 -5
 -1
 1
 0
 -4
 -8
 -12
 -14
 -20
 -25
 -12
 19
 62
 118
 176
 242
 295
 304
 250
 158
 55
 -46
 -147
 -212
 -236
 -213
 -167
 -121
 -77
 -48
 -47
 -53
 -53
 -53
 -52
 -51
 -42
 -32
 -24
 -20
 -13
 -9
 -8
 -9
 -3
 -2
 -4
 -4
 -3
 1
 4
 1
 -5
 -2
 -2
 5
 2
 2
 -1
 2
 4
 6
 3
 6
 0
 -1
 0
 -3
 -1
 -4
 -8
 -1
 -1
 2
 2
 -2
 -1
 1
 -2
 4
 7
 8
 5
 7
 3
 1
 4
 -2
 -1
 3
 0
 4
 6
 6
 6
 6
 6
 10
 12
 13
 9
 10
 10
 10
 10
 11
 9
 7
 7
 8
 10
 9
 6
 10
 13
 18
 19
 17
 15
 13
 11
 10
 6
 6
 5
 5
 7
 5
 4
 6
 1
 -4
 -7
 -4
 -6
 -8
 -17
 -17
 -15
 -12
 -17
 -13
 -14
 -12
 -13
 -13
 -9
 -11
 -15
 -16
 -11
 -8
 -4
 -9
 -5
 -6
 -6
 -4
 -3
 -5
 -3
 -4
 1
 5
 3
 3
 1
 0
 0
 3
 2
 1
 -4
 -1
 -2
 0
 -1
 -2
 -3
 -1
 -1
 3
 3
 2
 1
 1
 1
 1
 2
 3
 0
 -1
 0
 4
 8
 5
 1
 -2
 -1
 0
 1
 -3
 -5
 -5
 0
 1
 4
 4
 2
 0
 -1
 -1
 3
 1
 -2
 -2
 0
 3
 3
 -2
 -7
 -7
 -3
 1
 0
 0
 0
 -2
 -3
 2
 -1
 0
 -1
 -1
 2
 6
 -1
 0
 -3
 -2
 -2
 -2
 -3
 -2
 -4
 -2
 -5
 0
 3
 -1
 1
 -3
 -1
 4
 5
 3
 3
 -3
 0
 0
 -2
 -1
 -2
 -3
 -2
 1
 4
 4
 -2
 0
 1
 6
 6
 4
 2
 3
 3
 8
 9
 8
 4
 6
 5
 10
 9
 6
 7
 16
 18
 27
 29
 28
 25
 19
 5
 0
 -6
 -14
 -18
 -20
 -16
 -9
 -6
 -9
 -11
 -11
 -10
 -9
 -9
 -12
 -21
 -24
 -21
 -16
 -11
 -13
 -18
 -12
 -6
 -3
 -4
 -8
 -7
 -1
 0
 0
 -5
 -8
 -10
 -7
 -5
 -4
 -2
 -2
 -6
 -6
 -7
 -8
 -4
 -7
 0
 30
 66
 102
 150
 209
 259
 269
 214
 130
 45
 -45
 -144
 -209
 -223
 -193
 -150
 -107
 -73
 -44
 -38
 -45
 -50
 -53
 -53
 -51
 -43
 -29
 -21
 -17
 -12
 -12
 -4
 0
 0
 -5
 -6
 -4
 1
 2
 -2
 -4
 -1
 1
 0
 3
 0
 5
 2
 -3
 -3
 1
 2
 4
 3
 1
 0
 -1
 1
 0
 -3
 -6
 -6
 -1
 4
 1
 -2
 -2
 -3
 3
 5
 3
 7
 7
 4
 -1
 -1
 4
 6
 -4
 -3
 2
 11
 11
 4
 0
 6
 7
 9
 7
 2
 4
 5
 10
 10
 5
 1
 2
 6
 9
 9
 8
 10
 15
 13
 13
 13
 11
 10
 9
 7
 12
 10
 9
 6
 8
 6
 9
 8
 9
 7
 5
 0
 5
 3
 1
 -6
 -8
 -8
 -4
 -7
 -11
 -14
 -15
 -16
 -12
 -12
 -11
 -10
 -10
 -9
 -7
 -8
 -11
 -9
 -10
 -8
 -2
 2
 -2
 -3
 -7
 -5
 -2
 -1
 -6
 -2
 1
 3
 9
 7
 3
 6
 2
 0
 1
 -3
 1
 2
 3
 4
 4
 7
 6
 4
 4
 1
 8
 9
 4
 4
 4
 3
 8
 3
 4
 2
 4
 4
 5
 0
 1
 0
 3
 2
 0
 3
 4
 0
 1
 2
 1
 4
 3
 3
 5
 3
 3
 4
 -1
 -5
 -6
 -3
 2
 -1
 -2
 -1
 -1
 0
 1
 -2
 1
 -1
 0
 0
 1
 1
 0
 0
 -1
 2
 3
 6
 0
 -1
 -5
 0
 0
 2
 0
 1
 0
 0
 0
 1
 1
 -1
 0
 1
 1
 2
 2
 1
 -4
 -2
 3
 8
 2
 1
 0
 4
 6
 5
 3
 8
 4
 4
 8
 7
 4
 4
 4
 11
 16
 18
 20
 30
 31
 23
 18
 11
 9
 3
 -9
 -14
 -9
 -8
 -6
 -11
 -8
 -6
 -4
 -4
 -6
 -10
 -12
 -17
 -18
 -15
 -13
 -13
 -11
 -9
 -4
 -1
 -1
 -4
 -5
 -3
 -3
 4
 0
 -3
 -2
 0
 4
 6
 -1
 1
 -2
 -6
 -9
 -17
 -18
 -13
 1
 41
 90
 140
 203
 266
 299
 281
 204
 106
 10
 -94
 -184
 -230
 -228
 -195
 -147
 -103
 -66
 -45
 -41
 -45
 -42
 -44
 -36
 -31
 -25
 -20
 -16
 -9
 -3
 -10
 -5
 -3
 -3
 0
 -1
 2
 5
 3
 2
 0
 -1
 -1
 -5
 -3
 1
 1
 2
 2
 0
 6
 5
 1
 -3
 -7
 -2
 3
 1
 1
 1
 5
 7
 4
 2
 2
 1
 -2
 -1
 4
 5
 3
 -1
 0
 7
 8
 3
 0
 2
 4
 7
 9
 7
 8
 6
 6
 12
 10
 6
 9
 7
 12
 12
 10
 10
 11
 10
 11
 14
 12
 11
 12
 10
 7
 14
 12
 16
 16
 10
 10
 13
 9
 9
 6
 3
 6
 7
 5
 3
 -1
 -7
 -6
 -4
 -3
 -4
 -9
 -13
 -12
 -12
 -13
 -13
 -13
 -12
 -13
 -15
 -20
 -24
 -25
 -22
 -17
 -12
 -5
 1
 4
 4
 -1
 0
 2
 2
 -1
 0
 -2
 2
 0
 -2
 -3
 -1
 -1
 0
 0
 2
 1
 2
 1
 6
 6
 8
 4
 1
 0
 2
 1
 -1
 -3
 -2
 4
 3
 3
 1
 0
 -1
 -2
 -2
 0
 0
 -1
 4
 1
 2
 5
 8
 5
 3
 -4
 -1
 1
 -3
 -6
 -8
 -7
 -1
 -1
 -2
 -3
 -3
 -1
 1
 -1
 1
 1
 -1
 -4
 0
 -1
 -3
 -3
 -3
 -1
 5
 5
 4
 4
 -1
 -3
 1
 1
 -2
 -5
 -2
 1
 5
 3
 -1
 1
 3
 -2
 -1
 -3
 -3
 -3
 -6
 -7
 0
 3
 3
 4
 5
 6
 9
 7
 7
 8
 5
 3
 7
 8
 8
 6
 9
 11
 24
 27
 25
 18
 11
 8
 10
 -3
 -12
 -15
 -10
 -6
 -6
 -10
 -9
 -6
 -8
 -13
 -13
 -19
 -19
 -19
 -19
 -15
 -8
 -10
 -5
 -4
 -7
 -8
 -7
 -6
 -1
 -1
 -3
 -3
 -2
 -1
 -1
 -3
 -6
 -12
 -12
 -16
 -14
 -6
 20
 63
 124
 191
 265
 308
 296
 214
 111
 8
 -95
 -181
 -228
 -230
 -181
 -124
 -84
 -54
 -49
 -62
 -63
 -61
 -55
 -45
 -37
 -31
 -16
 -10
 -5
 -5
 -8
 -8
 -3
 -4
 -3
 -4
 -2
 -3
 1
 1
 0
 -1
 -2
 -4
 4
 6
 5
 7
 5
 7
 5
 -1
 -6
 -4
 -2
 -5
 -7
 -6
 -2
 -1
 -2
 -8
 -2
 1
 3
 5
 2
 1
 6
 3
 6
 6
 2
 5
 4
 5
 9
 4
 3
 3
 7
 11
 9
 5
 5
 7
 10
 12
 9
 9
 10
 12
 15
 16
 13
 16
 9
 12
 16
 13
 16
 13
 10
 14
 11
 12
 11
 6
 7
 7
 12
 13
 5
 4
 0
 -4
 -5
 -7
 -6
 -6
 -9
 -11
 -10
 -10
 -10
 -16
 -21
 -19
 -14
 -12
 -8
 -14
 -13
 -10
 -9
 -8
 -8
 -12
 -6
 -6
 -2
 -2
 -5
 -4
 -2
 -5
 0
 1
 2
 0
 -3
 -3
 1
 1
 -1
 -4
 0
 2
 4
 5
 1
 3
 3
 1
 1
 3
 2
 3
 2
 3
 3
 3
 0
 -4
 -4
 -5
 -3
 -2
 0
 -2
 0
 -1
 2
 3
 3
 0
 -3
 -3
 1
 1
 -1
 -2
 0
 2
 2
 1
 -2
 -1
 -1
 -3
 1
 0
 0
 1
 2
 2
 3
 1
 3
 0
 2
 -1
 0
 2
 3
 2
 5
 1
 0
 0
 -1
 -5
 -7
 -10
 -6
 -1
 0
 0
 2
 -1
 1
 2
 -2
 -3
 -4
 -4
 4
 8
 4
 -2
 -1
 -3
 3
 3
 0
 -2
 5
 0
 5
 5
 5
 1
 3
 5
 15
 18
 19
 22
 27
 24
 18
 13
 8
 -2
 -10
 -16
 -13
 -9
 -10
 -12
 -9
 -11
 -11
 -12
 -15
 -15
 -15
 -16
 -15
 -12
 -11
 -8
 -11
 -11
 -9
 -6
 -3
 -5
 -6
 -4
 1
 0
 2
 -1
 1
 -1
 -1
 -8
 -12
 -17
 -17
 -7
 31
 70
 120
 185
 256
 305
 300
 220
 121
 16
 -89
 -179
 -227
 -235
 -194
 -141
 -92
 -57
 -42
 -50
 -50
 -57
 -55
 -48
 -40
 -32
 -21
 -19
 -10
 -8
 -6
 -4
 -1
 -7
 -5
 -5
 -3
 -1
 3
 -2
 -2
 -5
 -3
 1
 2
 -4
 -2
 -1
 5
 3
 4
 0
 0
 -2
 2
 -1
 2
 -4
 -2
 -2
 2
 1
 3
 0
 3
 -4
 2
 0
 4
 1
 2
 -1
 8
 5
 7
 2
 1
 2
 8
 5
 6
 2
 5
 7
 9
 8
 11
 10
 10
 6
 10
 10
 13
 9
 8
 9
 14
 13
 14
 14
 17
 17
 18
 13
 10
 8
 5
 3
 3
 5
 8
 7
 7
 1
 0
 3
 1
 0
 -2
 -7
 -7
 -6
 -9
 -13
 -20
 -19
 -16
 -11
 -15
 -18
 -15
 -16
 -13
 -10
 -10
 -8
 -7
 -8
 -1
 -2
 -3
 -6
 -6
 -6
 -5
 -3
 0
 -1
 -1
 -1
 1
 4
 2
 -2
 -3
 -2
 2
 2
 1
 1
 -1
 -1
 0
 1
 4
 1
 1
 0
 0
 2
 2
 -7
 -6
 -6
 -2
 -2
 0
 -1
 4
 1
 2
 2
 6
 -1
 -4
 -4
 -1
 -2
 2
 0
 3
 1
 1
 1
 2
 -2
 -4
 -7
 -4
 0
 2
 2
 0
 -3
 1
 5
 2
 0
 -4
 -1
 2
 2
 0
 1
 -2
 -3
 -2
 1
 2
 -1
 -5
 -1
 3
 0
 1
 1
 0
 0
 0
 1
 4
 2
 -3
 -6
 -2
 -2
 -1
 -4
 -7
 -6
 -1
 3
 5
 1
 2
 3
 7
 7
 3
 -1
 2
 0
 5
 6
 6
 4
 4
 -1
 3
 3
 5
 10
 14
 22
 30
 29
 23
 16
 8
 4
 -5
 -9
 -11
 -10
 -12
 -9
 -9
 -7
 -8
 -11
 -10
 -9
 -13
 -16
 -17
 -19
 -16
 -18
 -13
 -7
 -4
 -4
 -2
 -5
 -2
 -3
 -5
 -4
 -9
 -7
 -5
 -2
 -1
 -1
 -3
 3
 -1
 -1
 -10
 -16
 -19
 -15
 9
 49
 96
 153
 219
 278
 301
 256
 164
 59
 -45
 -140
 -203
 -229
 -213
 -166
 -113
 -71
 -48
 -48
 -55
 -56
 -53
 -50
 -42
 -30
 -23
 -19
 -15
 -11
 -7
 -5
 -8
 -9
 -3
 -4
 -3
 -2
 0
 1
 1
 0
 2
 3
 2
 1
 -1
 -1
 -3
 -2
 1
 -1
 -5
 -3
 -2
 0
 3
 6
 4
 6
 3
 4
 4
 -1
 -10
 -7
 -4
 2
 4
 0
 -2
 -1
 7
 5
 5
 2
 3
 6
 12
 3
 3
 4
 1
 3
 5
 5
 9
 9
 5
 6
 10
 11
 10
 7
 8
 7
 12
 12
 13
 10
 12
 11
 14
 15
 13
 12
 10
 8
 9
 11
 11
 9
 5
 7
 8
 10
 6
 3
 1
 1
 2
 0
 -4
 -7
 -9
 -11
 -11
 -13
 -13
 -15
 -13
 -18
 -14
 -12
 -12
 -13
 -13
 -13
 -9
 -6
 -7
 -8
 -10
 -8
 -7
 -5
 -6
 -4
 -3
 -1
 2
 1
 5
 2
 -1
 -4
 -1
 1
 7
 0
 -2
 -1
 3
 6
 4
 -4
 -2
 -3
 -1
 2
 1
 -1
 0
 -5
 3
 3
 1
 1
 2
 -1
 8
 4
 4
 1
 -2
 -3
 3
 2
 2
 0
 -1
 1
 -1
 1
 0
 -1
 -2
 -4
 -4
 0
 -1
 -3
 -5
 -4
 2
 4
 3
 -2
 1
 2
 4
 4
 2
 -1
 -2
 -5
 -3
 -4
 -3
 -3
 1
 2
 2
 4
 4
 0
 -3
 -8
 -2
 -1
 -1
 -5
 -4
 -3
 2
 2
 3
 2
 4
 1
 3
 1
 -1
 -2
 -4
 -4
 -1
 1
 4
 3
 -1
 -2
 1
 2
 0
 -4
 -6
 -4
 -1
 0
 2
 2
 3
 4
 6
 8
 10
 10
 11
 14
 19
 23
 28
 26
 27
 23
 20
 13
 11
 2
 -4
 -11
 -9
 -9
 -5
 -10
 -13
 -9
 -7
 -9
 -10
 -14
 -16
 -16
 -20
 -18
 -18
 -17
 -16
 -11
 -8
 0
 0
 1
 -2
 -4
 0
 0
 -3
 -4
 -6
 -4
 -1
 -5
 -4
 -7
 -13
 -14
 -17
 -13
 8
 42
 86
 140
 207
 269
 288
 245
 156
 61
 -32
 -127
 -196
 -219
 -206
 -162
 -114
 -73
 -44
 -37
 -44
 -47
 -43
 -39
 -32
 -34
 -33
 -31
 -19
 -12
 -9
 -12
 -9
 -7
 -3
 -1
 0
 -3
 -4
 -3
 0
 4
 3
 -1
 0
 0
 5
 5
 7
 4
 2
 2
 6
 4
 4
 1
 0
 2
 2
 2
 2
 -1
 -4
 -3
 1
 1
 2
 1
 0
 3
 3
 7
 9
 3
 -1
 2
 1
 9
 5
 4
 3
 6
 9
 12
 7
 4
 1
 5
 9
 6
 6
 7
 11
 11
 10
 7
 12
 12
 11
 7
 13
 14
 16
 11
 8
 8
 12
 11
 15
 14
 14
 12
 11
 12
 10
 7
 4
 3
 4
 1
 2
 2
 -4
 -9
 -9
 -9
 -2
 -10
 -13
 -11
 -8
 -8
 -5
 -14
 -14
 -19
 -16
 -11
 -12
 -15
 -11
 -13
 -5
 -5
 -7
 -6
 -8
 -9
 0
 -1
 -1
 0
 -6
 -4
 -1
 -1
 0
 -1
 -3
 1
 1
 2
 4
 3
 2
 0
 1
 3
 3
 -2
 -1
 -4
 2
 4
 3
 1
 -1
 -3
 4
 2
 4
 3
 3
 3
 4
 5
 7
 1
 1
 0
 3
 3
 1
 -1
 -1
 -2
 -2
 0
 0
 -2
 -7
 -6
 -2
 1
 -2
 -1
 -4
 1
 3
 1
 0
 3
 -1
 0
 -1
 0
 2
 -1
 -5
 0
 3
 4
 2
 1
 1
 2
 -1
 1
 -1
 0
 -1
 -1
 1
 2
 -1
 -2
 -3
 -3
 -2
 1
 -1
 0
 2
 3
 1
 1
 -3
 2
 -1
 -3
 -5
 -1
 0
 1
 -4
 -3
 1
 4
 3
 4
 1
 1
 3
 2
 4
 3
 2
 1
 5
 7
 6
 4
 7
 10
 22
 29
 29
 31
 27
 19
 17
 10
 -1
 -9
 -14
 -11
 -7
 -7
 -9
 -9
 -8
 -10
 -15
 -16
 -18
 -19
 -19
 -19
 -14
 -6
 -5
 -5
 -7
 -7
 -4
 -3
 -7
 -4
 -5
 -4
 -3
 -1
 0
 1
 -4
 -6
 0
 1
 -3
 -9
 -16
 -16
 -6
 8
 39
 79
 127
 191
 256
 287
 250
 162
 68
 -23
 -107
 -179
 -216
 -205
 -156
 -104
 -65
 -44
 -41
 -55
 -56
 -52
 -49
 -44
 -39
 -33
 -20
 -15
 -14
 -12
 -7
 -6
 -7
 -7
 -5
 0
 1
 1
 0
 0
 -2
 2
 0
 0
 -4
 -4
 -2
 4
 -1
 -2
 -1
 0
 1
 3
 2
 5
 4
 0
 2
 2
 0
 -2
 -6
 -3
 -1
 -1
 1
 3
 3
 2
 2
 6
 6
 6
 0
 1
 6
 8
 7
 7
 3
 4
 6
 8
 7
 3
 0
 6
 12
 11
 13
 9
 11
 11
 12
 10
 13
 10
 14
 12
 14
 14
 15
 12
 9
 8
 9
 12
 11
 11
 9
 10
 8
 10
 9
 6
 0
 0
 0
 -1
 -2
 -7
 -10
 -7
 -9
 -12
 -11
 -12
 -13
 -13
 -14
 -11
 -11
 -12
 -14
 -13
 -8
 -13
 -9
 -8
 -8
 -5
 -5
 -6
 -1
 -6
 -4
 -4
 -4
 -2
 -1
 -1
 0
 -2
 1
 2
 6
 1
 0
 -2
 1
 4
 2
 -1
 -1
 0
 3
 3
 1
 -2
 -4
 -2
 1
 0
 5
 2
 5
 3
 1
 2
 4
 -2
 -3
 -5
 -2
 3
 4
 1
 -2
 0
 3
 4
 1
 -6
 -5
 -2
 -1
 1
 3
 2
 3
 2
 2
 2
 1
 -3
 -2
 -1
 -1
 1
 5
 -2
 1
 -1
 3
 3
 2
 -5
 0
 -1
 1
 -1
 2
 2
 1
 -2
 0
 3
 5
 -1
 -3
 -3
 -1
 -1
 -1
 -3
 0
 -1
 1
 3
 4
 1
 1
 -3
 -2
 3
 4
 -1
 -3
 -4
 -2
 3
 2
 0
 2
 1
 -1
 4
 2
 2
 1
 1
 3
 9
 8
 8
 3
 2
 5
 12
 19
 24
 26
 26
 25
 19
 19
 5
 -7
 -13
 -13
 -7
 -3
 -14
 -15
 -12
 -12
 -8
 -12
 -22
 -21
 -19
 -17
 -15
 -17
 -19
 -12
 -7
 -4
 -4
 -2
 -5
 -5
 -3
 -8
 -5
 -3
 -11
 -7
 -3
 -3
 3
 1
 -3
 0
 -5
 -12
 -13
 -11
 0
 30
 74
 126
 196
 257
 277
 240
 149
 54
 -41
 -131
 -204
 -235
 -220
 -156
 -101
 -57
 -41
 -34
 -37
 -33
 -37
 -37
 -34
 -24
 -20
 -11
 -6
 -3
 -6
 -9
 -9
 -6
 -4
 -1
 1
 2
 2
 0
 1
 3
 -1
 -4
 -4
 0
 5
 4
 -4
 0
 -2
 -1
 1
 3
 -1
 -2
 -5
 3
 7
 5
 -3
 -1
 6
 9
 4
 -1
 -1
 0
 1
 1
 1
 4
 6
 3
 4
 3
 5
 5
 1
 -2
 3
 4
 7
 7
 8
 7
 8
 5
 9
 13
 9
 6
 9
 12
 14
 14
 7
 9
 10
 10
 12
 14
 10
 10
 9
 8
 14
 14
 10
 8
 10
 12
 14
 10
 2
 2
 3
 1
 -2
 -1
 -9
 -2
 -4
 -8
 -9
 -8
 -11
 -7
 -14
 -15
 -12
 -8
 -11
 -12
 -13
 -11
 -9
 -8
 -12
 -11
 -10
 -8
 -6
 -3
 -1
 1
 1
 -1
 4
 7
 2
 -2
 -2
 1
 5
 0
 -6
 -2
 0
 1
 -1
 0
 -3
 -1
 -2
 0
 1
 5
 3
 3
 3
 1
 2
 -1
 -5
 -8
 -2
 1
 7
 8
 5
 5
 3
 0
 1
 -2
 -7
 -4
 -1
 3
 4
 1
 -3
 -2
 1
 -1
 0
 -3
 -7
 -5
 0
 -2
 -2
 -2
 -2
 2
 2
 -4
 -4
 1
 1
 3
 0
 2
 7
 7
 2
 -2
 -1
 0
 0
 -3
 -3
 -7
 0
 -1
 3
 2
 2
 0
 4
 -1
 0
 0
 0
 -2
 -2
 -5
 0
 1
 2
 2
 -1
 -1
 5
 6
 3
 -1
 0
 4
 10
 8
 2
 5
 8
 6
 10
 12
 15
 16
 22
 23
 27
 23
 14
 8
 6
 -4
 -8
 -12
 -14
 -14
 -15
 -13
 -8
 -6
 -11
 -7
 -8
 -10
 -11
 -13
 -15
 -14
 -18
 -17
 -10
 -5
 -5
 -4
 -2
 -3
 2
 4
 -2
 -5
 -5
 -1
 6
 5
 -3
 -3
 1
 0
 -2
 -11
 -16
 -14
 -3
 23
 70
 128
 195
 268
 319
 311
 237
 131
 9
 -108
 -206
 -269
 -280
 -246
 -193
 -128
 -74
 -49
 -37
 -32
 -24
 -23
 -26
 -21
 -16
 -15
 -11
 -8
 -5
 -2
 -3
 0
 -1
 0
 -4
 1
 1
 2
 -3
 -4
 -4
 1
 2
 3
 1
 3
 4
 3
 6
 5
 6
 1
 0
 1
 5
 4
 2
 -3
 1
 3
 4
 4
 1
 3
 5
 5
 4
 7
 4
 5
 0
 0
 3
 7
 5
 4
 5
 8
 10
 11
 8
 5
 7
 6
 9
 13
 12
 11
 13
 12
 17
 16
 14
 13
 13
 12
 15
 15
 15
 12
 11
 10
 14
 16
 14
 9
 7
 4
 6
 7
 2
 -1
 0
 -3
 0
 -2
 -9
 -11
 -11
 -12
 -8
 -9
 -13
 -15
 -15
 -17
 -13
 -10
 -12
 -10
 -9
 -10
 -6
 -4
 -10
 -8
 -10
 -6
 0
 0
 -4
 -2
 -4
 -3
 1
 0
 -3
 -3
 1
 1
 5
 3
 2
 2
 3
 -1
 7
 5
 3
 1
 2
 3
 4
 1
 1
 1
 0
 2
 5
 5
 1
 3
 3
 0
 2
 2
 2
 1
 -3
 -6
 2
 3
 -2
 -4
 -2
 1
 3
 2
 -4
 -1
 2
 1
 3
 5
 2
 2
 -2
 -2
 2
 3
 0
 -2
 -1
 0
 3
 0
 -3
 -1
 -1
 0
 4
 4
 1
 -2
 -1
 0
 0
 -2
 -5
 -2
 1
 -3
 4
 5
 3
 0
 1
 -1
 2
 1
 -2
 -1
 0
 0
 2
 4
 -1
 1
 -1
 -1
 2
 5
 2
 1
 -1
 3
 7
 7
 2
 2
 4
 6
 6
 7
 2
 5
 10
 14
 21
 27
 27
 28
 24
 19
 14
 7
 -3
 -11
 -14
 -11
 -10
 -9
 -6
 -6
 -6
 -6
 -5
 -8
 -14
 -20
 -18
 -17
 -13
 -12
 -10
 -7
 -9
 -10
 -5
 -3
 -5
 -5
 -5
 -1
 0
 1
 -1
 -4
 -4
 1
 1
 -3
 -13
 -19
 -17
 -10
 14
 55
 109
 178
 248
 308
 326
 267
 167
 55
 -58
 -153
 -218
 -244
 -221
 -171
 -119
 -76
 -55
 -59
 -67
 -66
 -63
 -53
 -43
 -33
 -24
 -16
 -10
 -8
 -6
 -5
 -6
 -8
 -9
 -4
 0
 0
 -4
 -3
 -1
 0
 1
 2
 2
 2
 -3
 3
 5
 2
 1
 -2
 -1
 4
 0
 4
 2
 0
 -3
 -2
 -1
 1
 -5
 -6
 -1
 6
 8
 6
 3
 4
 3
 1
 2
 2
 3
 2
 0
 5
 6
 7
 7
 5
 5
 10
 13
 14
 10
 8
 12
 16
 15
 15
 16
 14
 15
 15
 15
 19
 15
 9
 8
 9
 10
 14
 7
 7
 9
 10
 13
 12
 5
 4
 0
 0
 6
 3
 -3
 -8
 -10
 -7
 -6
 -16
 -19
 -20
 -20
 -18
 -14
 -15
 -17
 -19
 -16
 -12
 -7
 -9
 -12
 -7
 -9
 -7
 -4
 -5
 -7
 -6
 -4
 -2
 0
 -2
 -3
 -3
 0
 -2
 8
 3
 2
 1
 0
 -1
 2
 -5
 -3
 -3
 -5
 -1
 3
 5
 3
 -1
 1
 4
 3
 2
 0
 -2
 3
 2
 3
 3
 -1
 -2
 0
 -1
 1
 -1
 -3
 -4
 -4
 -1
 -1
 0
 2
 3
 0
 1
 1
 3
 1
 -4
 -6
 -4
 1
 3
 0
 -3
 -1
 1
 7
 3
 -1
 0
 1
 1
 1
 -2
 -1
 -1
 -5
 -5
 0
 1
 2
 -3
 -3
 1
 5
 4
 2
 0
 0
 0
 3
 -2
 -1
 -3
 -5
 -1
 3
 -1
 2
 -4
 0
 4
 5
 3
 5
 4
 5
 4
 9
 7
 8
 6
 7
 8
 12
 7
 9
 9
 13
 17
 28
 27
 25
 15
 10
 6
 3
 -9
 -14
 -16
 -13
 -11
 -8
 -9
 -10
 -11
 -11
 -10
 -11
 -12
 -19
 -22
 -19
 -18
 -12
 -11
 -14
 -10
 -2
 -3
 0
 -7
 -4
 -4
 -3
 -5
 -5
 -4
 3
 -2
 -4
 -5
 -7
 -7
 -7
 -5
 15
 54
 99
 147
 205
 263
 287
 254
 166
 68
 -32
 -124
 -196
 -227
 -217
 -171
 -125
 -78
 -51
 -52
 -55
 -56
 -53
 -45
 -31
 -19
 -7
 -10
 -15
 -21
 -23
 -27
 -26
 -25
 -18
 -6
 4
 5
 6
 2
 7
 4
 0
 -2
 2
 1
 -1
 -7
 -3
 0
 6
 2
 0
 2
 2
 0
 0
 -2
 5
 2
 -1
 -5
 -3
 2
 -1
 -5
 -5
 -1
 8
 7
 3
 6
 2
 4
 3
 1
 4
 1
 -2
 3
 9
 7
 6
 1
 4
 7
 12
 5
 8
 7
 12
 13
 14
 12
 13
 12
 12
 9
 10
 11
 7
 11
 13
 10
 15
 14
 13
 11
 6
 5
 12
 9
 6
 3
 5
 2
 -2
 -10
 -9
 -9
 -11
 -15
 -9
 -5
 -3
 -10
 -15
 -17
 -13
 -14
 -16
 -15
 -12
 -5
 0
 0
 2
 -1
 -4
 -4
 -4
 -5
 -3
 -7
 -9
 -5
 0
 4
 2
 -1
 1
 5
 7
 6
 1
 2
 2
 -2
 3
 3
 3
 4
 3
 4
 7
 4
 2
 1
 -1
 -1
 1
 4
 7
 4
 2
 2
 8
 6
 4
 -1
 -4
 -2
 5
 1
 1
 -1
 -3
 3
 3
 -1
 -1
 -3
 -2
 -1
 4
 4
 2
 1
 -2
 -2
 2
 -5
 -2
 -1
 -2
 2
 3
 1
 6
 1
 -3
 -6
 -4
 -4
 0
 -1
 -4
 -1
 6
 5
 4
 -1
 -4
 -1
 -2
 -2
 -3
 -3
 0
 0
 2
 6
 4
 3
 3
 -1
 3
 6
 4
 5
 5
 7
 10
 13
 7
 10
 15
 21
 27
 29
 23
 23
 18
 11
 9
 1
 -6
 -8
 -10
 -7
 -7
 -9
 -8
 -5
 -9
 -9
 -14
 -10
 -14
 -18
 -21
 -17
 -10
 -7
 -9
 -9
 -8
 -6
 -1
 -2
 -3
 -6
 -2
 -1
 1
 0
 -2
 -3
 0
 -1
 0
 -5
 -13
 -18
 -12
 6
 44
 94
 154
 229
 291
 314
 271
 177
 67
 -41
 -142
 -211
 -240
 -225
 -178
 -125
 -80
 -54
 -47
 -52
 -48
 -43
 -41
 -36
 -28
 -22
 -16
 -13
 -8
 -8
 -5
 -5
 -4
 1
 0
 -2
 4
 5
 2
 -3
 -8
 -5
 0
 0
 -1
 1
 3
 4
 6
 2
 4
 0
 1
 1
 3
 3
 2
 -1
 1
 -1
 4
 3
 0
 -1
 -1
 1
 1
 2
 2
 2
 3
 0
 7
 11
 6
 4
 6
 6
 11
 7
 0
 3
 4
 2
 9
 9
 7
 10
 8
 9
 12
 10
 10
 9
 10
 9
 14
 16
 14
 15
 15
 14
 17
 15
 13
 11
 6
 6
 11
 10
 9
 9
 7
 7
 11
 7
 3
 1
 -4
 -3
 0
 -7
 -11
 -11
 -16
 -17
 -19
 -18
 -16
 -15
 -15
 -13
 -9
 -7
 -13
 -12
 -13
 -13
 -8
 -5
 -7
 -5
 -5
 -5
 -1
 -3
 -5
 -2
 -2
 -1
 4
 4
 5
 0
 -2
 0
 0
 0
 0
 0
 -1
 -1
 2
 2
 0
 0
 -2
 3
 6
 4
 3
 3
 -3
 -2
 1
 1
 4
 1
 2
 3
 6
 4
 4
 0
 0
 -3
 0
 0
 -1
 -2
 -7
 -4
 -1
 3
 0
 1
 -3
 1
 2
 2
 -1
 -2
 -8
 -3
 2
 3
 1
 -1
 -2
 1
 0
 -2
 -2
 -2
 0
 -2
 -1
 2
 1
 -1
 -3
 -4
 2
 4
 -1
 -6
 -7
 -3
 5
 4
 -2
 -3
 0
 1
 1
 -2
 -3
 0
 3
 1
 1
 2
 -2
 -3
 -1
 -2
 1
 3
 5
 6
 10
 11
 11
 12
 9
 4
 4
 4
 11
 18
 21
 27
 26
 22
 17
 7
 5
 2
 -9
 -13
 -10
 -7
 -3
 -7
 -10
 -8
 -8
 -7
 -14
 -19
 -24
 -26
 -23
 -15
 -15
 -8
 -10
 -7
 0
 5
 5
 4
 1
 4
 7
 4
 -4
 -7
 -9
 -7
 -3
 -7
 -12
 -16
 -18
 -19
 -9
 18
 62
 116
 178
 240
 296
 306
 246
 148
 43
 -63
 -160
 -227
 -247
 -221
 -171
 -122
 -75
 -43
 -38
 -49
 -53
 -47
 -39
 -29
 -24
 -22
 -18
 -10
 -6
 -5
 -9
 -10
 -9
 -5
 -2
 -3
 -7
 -5
 -4
 2
 8
 6
 6
 7
 4
 2
 2
 -1
 -1
 -1
 -2
 -1
 5
 5
 4
 2
 0
 3
 3
 1
 1
 4
 5
 6
 5
 6
 3
 2
 0
 0
 4
 5
 4
 6
 7
 9
 13
 7
 7
 6
 7
 5
 6
 4
 1
 0
 6
 5
 11
 9
 9
 19
 18
 11
 16
 14
 18
 17
 13
 13
 16
 14
 15
 10
 9
 6
 12
 10
 10
 4
 8
 11
 16
 13
 13
 6
 4
 -4
 -4
 -7
 -7
 -6
 -4
 -1
 -1
 -9
 -14
 -20
 -25
 -25
 -25
 -16
 -9
 -5
 -6
 -7
 -5
 -5
 -10
 -12
 -15
 -14
 -12
 -8
 -4
 -5
 -6
 -7
 -4
 -1
 -5
 -10
 -7
 -7
 3
 5
 4
 3
 5
 1
 4
 -1
 -3
 -1
 -2
 -3
 4
 4
 5
 2
 1
 -2
 2
 -4
 -3
 -3
 4
 0
 3
 1
 4
 7
 8
 0
 0
 2
 6
 4
 -2
 -8
 -3
 1
 0
 -5
 -5
 -4
 3
 4
 5
 6
 3
 -1
 -4
 -7
 -4
 0
 1
 0
 4
 8
 9
 6
 -2
 -4
 0
 4
 2
 -3
 -7
 -8
 -2
 3
 0
 -2
 -3
 -4
 1
 2
 0
 0
 0
 3
 3
 4
 -5
 -5
 -6
 -4
 2
 8
 6
 8
 3
 -3
 0
 -1
 -3
 -5
 -5
 -5
 5
 5
 -3
 -3
 1
 3
 4
 -1
 1
 10
 10
 5
 6
 8
 12
 8
 1
 -2
 2
 8
 10
 11
 16
 21
 30
 29
 19
 13
 9
 -1
 -5
 -14
 -13
 -12
 -10
 -10
 -1
 5
 4
 -4
 -11
 -16
 -20
 -27
 -34
 -35
 -29
 -19
 -12
 -1
 6
 5
 10
 5
 3
 0
 -8
 -18
 -22
 -27
 -22
 -18
 -9
 -7
 0
 5
 11
 14
 7
 -7
 -15
 -19
 -7
 14
 46
 90
 143
 204
 268
 298
 278
 204
 109
 16
 -84
 -181
 -243
 -250
 -216
 -172
 -130
 -86
 -51
 -33
 -37
 -39
 -32
 -24
 -20
 -21
 -24
 -17
 -12
 -10
 -13
 -17
 -16
 -10
 -5
 1
 2
 1
 0
 -2
 4
 3
 -4
 -6
 -6
 -2
 1
 -2
 -3
 2
 2
 3
 3
 1
 0
 0
 0
 3
 3
 4
 7
 7
 4
 -2
 -2
 -3
 -3
 -6
 -2
 0
 3
 -3
 -3
 -4
 1
 -1
 5
 9
 17
 14
 12
 7
 4
 0
 6
 6
 9
 4
 2
 6
 9
 5
 2
 3
 14
 21
 17
 9
 3
 4
 8
 6
 6
 8
 9
 11
 13
 13
 16
 12
 9
 12
 14
 15
 11
 7
 7
 3
 6
 8
 4
 4
 -1
 0
 7
 6
 1
 3
 -2
 -5
 -9
 -10
 -11
 -10
 -16
 -16
 -13
 -14
 -19
 -20
 -20
 -20
 -16
 -14
 -9
 -3
 -9
 -13
 -9
 -7
 -3
 -2
 -8
 -5
 2
 4
 4
 -1
 -4
 0
 5
 2
 -1
 -7
 -5
 -2
 1
 -4
 -4
 -5
 -1
 0
 1
 0
 1
 2
 4
 2
 -2
 -3
 -2
 1
 5
 5
 8
 13
 10
 3
 3
 -4
 -1
 0
 -2
 -1
 2
 -6
 -1
 -1
 4
 1
 0
 -1
 4
 0
 -3
 -5
 -4
 -5
 -5
 -3
 -2
 1
 1
 -1
 -1
 -3
 -4
 -2
 1
 -5
 1
 3
 8
 11
 9
 0
 0
 0
 4
 6
 4
 -3
 -2
 0
 0
 -4
 -9
 -12
 -4
 1
 4
 -1
 -4
 -1
 3
 6
 3
 0
 0
 1
 3
 -1
 -6
 -6
 -6
 -5
 1
 -2
 0
 1
 4
 4
 6
 4
 6
 9
 9
 5
 7
 11
 11
 12
 9
 2
 -1
 -2
 0
 9
 10
 19
 31
 32
 25
 20
 12
 7
 -6
 -13
 -10
 -5
 -10
 -16
 -14
 -10
 -7
 -7
 -9
 -12
 -11
 -14
 -16
 -20
 -20
 -19
 -9
 -4
 -2
 5
 10
 11
 6
 -6
 -15
 -19
 -23
 -22
 -22
 -15
 -4
 3
 4
 2
 -2
 -2
 -1
 -5
 -2
 8
 28
 63
 99
 147
 208
 252
 257
 205
 116
 28
 -65
 -156
 -217
 -232
 -206
 -157
 -106
 -65
 -32
 -21
 -22
 -25
 -23
 -27
 -26
 -27
 -19
 -18
 -7
 -4
 -4
 -2
 -3
 -11
 -8
 -8
 1
 7
 2
 -4
 -2
 1
 4
 -1
 0
 7
 9
 8
 2
 -3
 -5
 -5
 -6
 4
 6
 6
 9
 9
 3
 -3
 -5
 1
 7
 6
 5
 2
 6
 -3
 -8
 -7
 -7
 -5
 -1
 0
 8
 7
 3
 0
 0
 3
 8
 7
 9
 8
 10
 9
 8
 5
 7
 3
 1
 7
 13
 17
 16
 11
 15
 20
 17
 10
 10
 10
 14
 14
 12
 12
 11
 6
 7
 8
 12
 12
 8
 8
 7
 5
 7
 4
 4
 1
 1
 1
 1
 -4
 -6
 -8
 -6
 -9
 -11
 -15
 -19
 -23
 -21
 -17
 -10
 -8
 -9
 -8
 -3
 0
 -2
 -10
 -10
 -12
 -11
 -11
 -15
 -14
 -11
 -12
 -6
 0
 1
 5
 5
 1
 7
 5
 0
 -5
 -11
 -12
 -7
 -5
 4
 10
 9
 6
 2
 8
 7
 1
 -9
 -8
 -3
 4
 2
 -1
 1
 7
 13
 13
 10
 9
 13
 10
 3
 -8
 -11
 -14
 -12
 -12
 -10
 -5
 -7
 -13
 -11
 -13
 -12
 -10
 -8
 1
 10
 8
 6
 1
 2
 -3
 -3
 -4
 1
 3
 -1
 -3
 -1
 0
 5
 4
 0
 -1
 -2
 0
 1
 -1
 -1
 -1
 0
 1
 6
 4
 5
 -1
 -4
 0
 0
 0
 0
 -4
 1
 6
 2
 -2
 -4
 -2
 3
 6
 12
 14
 17
 13
 11
 9
 3
 -6
 -10
 -10
 -7
 -8
 -3
 5
 18
 31
 34
 32
 31
 20
 8
 -6
 -12
 -12
 -12
 -8
 -4
 3
 6
 0
 -3
 -10
 -18
 -21
 -22
 -24
 -21
 -21
 -11
 -4
 -3
 -5
 -6
 -5
 -4
 -8
 -14
 -16
 -11
 -7
 -3
 -5
 -4
 -2
 0
 -1
 -2
 -9
 -13
 -18
 -18
 -13
 -2
 28
 74
 123
 190
 259
 308
 292
 205
 94
 -10
 -108
 -189
 -247
 -260
 -214
 -152
 -95
 -62
 -47
 -46
 -36
 -27
 -20
 -17
 -18
 -21
 -15
 -7
 -4
 -6
 -10
 -6
 -1
 3
 1
 0
 -3
 -2
 -2
 -1
 -4
 2
 6
 12
 14
 9
 0
 -4
 -10
 -12
 -15
 -9
 1
 8
 13
 13
 5
 2
 -6
 -13
 -11
 -14
 -11
 -1
 5
 8
 7
 1
 5
 1
 2
 -3
 -7
 -5
 4
 5
 11
 11
 14
 12
 11
 8
 7
 2
 -5
 -7
 3
 10
 14
 16
 22
 25
 26
 19
 18
 17
 12
 3
 -1
 4
 15
 15
 7
 2
 8
 15
 13
 3
 -4
 -2
 4
 7
 3
 -1
 -4
 -2
 -11
 -17
 -23
 -21
 -19
 -18
 -24
 -17
 -14
 -12
 -18
 -23
 -21
 -14
 -11
 -7
 -8
 -2
 2
 1
 -4
 -7
 -8
 -10
 -10
 -6
 -5
 4
 7
 2
 0
 2
 1
 3
 -3
 -7
 -5
 2
 1
 4
 2
 0
 0
 1
 5
 6
 2
 1
 1
 7
 14
 6
 3
 -1
 0
 2
 2
 -6
 -1
 -2
 1
 2
 3
 -2
 -3
 -8
 -11
 -10
 -9
 -5
 1
 1
 3
 13
 19
 17
 11
 0
 0
 -5
 -11
 -14
 -11
 -6
 -1
 2
 9
 10
 4
 0
 -6
 -9
 -11
 -9
 -7
 -4
 -1
 0
 4
 8
 -1
 -10
 -14
 -11
 -3
 -1
 3
 10
 15
 17
 12
 5
 2
 -6
 -7
 -5
 -6
 -5
 -5
 -5
 -6
 -3
 2
 9
 5
 -1
 -3
 4
 3
 0
 1
 9
 16
 17
 9
 6
 3
 5
 3
 7
 14
 23
 25
 19
 7
 13
 18
 13
 -2
 -16
 -9
 -2
 -9
 -22
 -24
 -19
 -8
 -7
 -14
 -27
 -30
 -25
 -13
 -10
 -16
 -20
 -16
 -4
 1
 -5
 -10
 -7
 -1
 3
 -6
 -18
 -21
 -11
 0
 4
 1
 -4
 -2
 -4
 -12
 -14
 11
 68
 138
 212
 290
 340
 326
 247
 128
 -3
 -130
 -233
 -294
 -297
 -258
 -194
 -123
 -63
 -31
 -23
 -24
 -20
 -18
 -20
 -30
 -34
 -31
 -14
 -2
 -3
 -5
 1
 1
 6
 -2
 -7
 -9
 -7
 -8
 -5
 -2
 4
 3
 5
 1
 1
 4
 -1
 -8
 -3
 5
 10
 2
 -10
 -6
 4
 2
 -2
 -4
 5
 10
 10
 4
 1
 -1
 -1
 0
 3
 -2
 -5
 -7
 -4
 3
 5
 5
 5
 8
 17
 13
 5
 0
 1
 3
 9
 5
 6
 9
 13
 14
 14
 8
 16
 19
 16
 14
 18
 18
 16
 10
 13
 22
 24
 17
 13
 15
 9
 3
 0
 1
 10
 14
 11
 7
 4
 -2
 -4
 -11
 -18
 -22
 -22
 -18
 -11
 -9
 -12
 -11
 -8
 -5
 -3
 -10
 -19
 -26
 -27
 -24
 -19
 -22
 -10
 -3
 2
 -4
 -13
 -10
 -2
 -7
 -5
 -8
 -3
 14
 14
 5
 -5
 -14
 -5
 3
 -3
 -10
 -13
 -12
 -2
 6
 9
 13
 11
 -1
 0
 4
 3
 -2
 -12
 -10
 9
 20
 10
 -1
 -4
 -3
 4
 7
 6
 7
 9
 10
 9
 2
 -5
 -8
 -6
 -10
 -8
 -3
 -2
 -2
 -5
 -10
 -2
 2
 0
 2
 1
 -3
 10
 14
 11
 6
 -5
 -10
 -3
 -3
 -7
 -12
 -9
 2
 13
 10
 0
 -8
 -8
 -7
 0
 -2
 -1
 1
 8
 11
 15
 10
 3
 -1
 -1
 2
 6
 5
 -1
 1
 2
 -1
 -10
 -12
 -5
 6
 14
 16
 17
 20
 19
 9
 8
 11
 17
 27
 37
 36
 28
 16
 10
 5
 -2
 -18
 -22
 -14
 -11
 -16
 -14
 -9
 0
 0
 -10
 -13
 -17
 -25
 -25
 -24
 -21
 -12
 -7
 -2
 5
 -4
 -12
 -16
 -12
 -5
 1
 4
 3
 0
 1
 -1
 -7
 -12
 -23
 -25
 -14
 11
 50
 103
 171
 251
 330
 371
 348
 253
 114
 -20
 -139
 -239
 -303
 -323
 -280
 -193
 -126
 -88
 -70
 -55
 -29
 -13
 -13
 -13
 -11
 -9
 -10
 -16
 -12
 -11
 -10
 -6
 2
 8
 10
 -1
 -8
 -10
 -6
 -2
 1
 0
 4
 11
 18
 18
 13
 9
 5
 1
 -2
 -7
 -5
 -3
 -4
 -3
 1
 7
 4
 -3
 -11
 -19
 -7
 10
 11
 11
 9
 10
 21
 12
 -7
 -6
 3
 -2
 -4
 5
 31
 43
 18
 -4
 13
 41
 38
 2
 -15
 -6
 6
 10
 -1
 -7
 8
 14
 18
 18
 11
 9
 12
 18
 32
 38
 30
 17
 12
 23
 20
 10
 12
 20
 21
 5
 -24
 -26
 -5
 5
 2
 0
 13
 29
 14
 -29
 -56
 -47
 -29
 -33
 -38
 -33
 -23
 -24
 -20
 -2
 23
 21
 -1
 -12
 3
 10
 -8
 -29
 -29
 -5
 12
 5
 -12
 -24
 -28
 -37
 -36
 -11
 32
 44
 30
 27
 35
 26
 1
 -31
 -38
 -26
 -29
 -20
 2
 13
 5
 4
 20
 40
 40
 20
 -3
 -7
 -8
 -17
 -21
 -18
 -5
 7
 7
 2
 3
 8
 5
 -3
 -12
 -16
 -6
 7
 9
 3
 -3
 2
 14
 14
 5
 -3
 -5
 -10
 1
 21
 21
 -2
 -23
 -23
 11
 19
 -3
 -28
 -33
 -10
 30
 43
 25
 -2
 -6
 4
 10
 1
 -12
 -15
 -3
 16
 18
 -9
 -40
 -36
 4
 35
 32
 26
 22
 14
 -7
 -34
 -47
 -34
 -6
 23
 43
 47
 55
 61
 51
 17
 -14
 -19
 -7
 -3
 -5
 -6
 2
 11
 1
 -19
 -35
 -45
 -47
 -32
 -7
 10
 5
 -11
 -15
 -4
 -11
 -33
 -32
 1
 25
 22
 3
 2
 14
 6
 -16
 -21
 -13
 -2
 4
 4
 5
 -2
 -20
 -32
 -31
 -28
 -20
 10
 62
 140
 232
 322
 386
 389
 309
 178
 36
 -102
 -207
 -272
 -310
 -315
 -256
 -151
 -61
 -44
 -65
 -59
 -18
 -5
 -42
 -65
 -48
 -24
 -16
 -14
 4
 31
 35
 20
 1
 -5
 -4
 5
 2
 -7
 -19
 -16
 -7
 5
 -12
 -41
 -45
 -22
 15
 33
 26
 8
 13
 18
 10
 -7
 -15
 -16
 -10
 6
 29
 43
 17
 -16
 -20
 5
 18
 -4
 -35
 -20
 28
 43
 19
 -12
 -13
 0
 4
 -15
 -13
 3
 12
 3
 0
 17
 38
 37
 24
 23
 36
 46
 19
 -15
 -24
 -7
 13
 18
 11
 11
 20
 22
 17
 1
 1
 13
 24
 25
 21
 9
 11
 17
 18
 13
 14
 17
 16
 7
 -24
 -51
 -46
 -22
 -3
 8
 -1
 -2
 -6
 -15
 -36
 -44
 -43
 -33
 -18
 8
 18
 11
 -12
 -24
 -21
 -27
 -35
 -31
 -9
 7
 19
 23
 24
 22
 6
 -19
 -31
 -34
 -33
 -26
 -12
 4
 19
 22
 14
 15
 26
 21
 13
 0
 3
 14
 11
 -6
 -15
 -16
 -9
 -7
 -5
 0
 2
 -3
 -4
 5
 15
 8
 0
 -1
 2
 3
 -4
 -7
 0
 -2
 -3
 5
 5
 -1
 -12
 -16
 -4
 10
 7
 2
 7
 17
 19
 11
 -6
 -8
 2
 9
 -1
 -12
 -13
 -5
 8
 11
 0
 -7
 -4
 1
 -1
 -12
 -20
 -17
 -3
 8
 6
 11
 19
 15
 -2
 -10
 -3
 9
 7
 0
 2
 16
 18
 -1
 -17
 -17
 -5
 14
 31
 32
 30
 36
 36
 19
 -2
 -13
 -12
 -7
 -6
 -5
 -3
 -9
 -20
 -14
 6
 6
 -3
 -9
 -4
 2
 -3
 -30
 -43
 -38
 -19
 -3
 -6
 -16
 -7
 3
 12
 8
 -1
 0
 3
 -4
 -11
 -14
 -12
 -8
 -3
 0
 -3
 -3
 0
 -1
 -6
 -17
 -24
 -3
 31
 68
 115
 177
 257
 335
 371
 342
 250
 126
 -4
 -123
 -213
 -278
 -309
 -289
 -221
 -142
 -94
 -83
 -75
 -48
 -24
 -15
 -17
 -15
 -15
 -12
 -7
 5
 3
 -6
 -11
 -4
 3
 0
 -5
 -10
 -10
 -6
 0
 0
 0
 -1
 5
 12
 13
 6
 -3
 -11
 -16
 -14
 -11
 -5
 1
 12
 22
 30
 16
 -8
 -24
 -14
 5
 11
 2
 7
 19
 24
 7
 -16
 -20
 -23
 -21
 -2
 20
 25
 14
 14
 28
 30
 13
 -15
 -25
 -15
 -7
 -1
 0
 -6
 3
 20
 28
 20
 11
 10
 18
 20
 9
 3
 9
 15
 17
 20
 18
 16
 17
 21
 15
 10
 13
 25
 30
 18
 2
 2
 15
 20
 11
 5
 12
 19
 15
 2
 -14
 -24
 -27
 -26
 -20
 -12
 -19
 -35
 -33
 -13
 -7
 -18
 -31
 -29
 -14
 -12
 -21
 -16
 -15
 -17
 -13
 0
 11
 3
 -18
 -18
 -2
 4
 -6
 -18
 -10
 7
 19
 3
 -15
 -12
 -2
 0
 -2
 -10
 -4
 3
 2
 6
 8
 5
 2
 -2
 7
 13
 10
 8
 9
 5
 3
 -3
 -3
 -4
 -13
 -19
 -2
 25
 31
 12
 -2
 -3
 3
 1
 -10
 -10
 1
 4
 0
 -5
 -2
 4
 4
 -1
 -5
 3
 14
 8
 -4
 -12
 -17
 -17
 -14
 -6
 8
 20
 23
 20
 17
 21
 17
 0
 -13
 -19
 -16
 -10
 -6
 -3
 5
 4
 -4
 0
 12
 20
 17
 2
 -7
 17
 30
 23
 -5
 -23
 -13
 13
 15
 22
 27
 42
 45
 31
 8
 -7
 -19
 -10
 -10
 -6
 -10
 -10
 4
 16
 2
 -7
 -13
 -13
 -15
 -32
 -44
 -35
 -21
 -17
 -7
 0
 10
 20
 16
 -3
 -12
 -15
 -10
 1
 9
 7
 -2
 -14
 -8
 21
 36
 12
 -11
 -9
 7
 8
 -15
 -25
 2
 60
 133
 211
 285
 340
 353
 315
 216
 87
 -50
 -180
 -261
 -292
 -291
 -260
 -202
 -140
 -93
 -80
 -77
 -59
 -38
 -37
 -34
 -27
 -24
 -26
 -24
 -11
 6
 7
 3
 -1
 -4
 -3
 4
 1
 -3
 0
 11
 13
 1
 -25
 -33
 -25
 -11
 -10
 2
 7
 16
 25
 21
 4
 -6
 -24
 -22
 -9
 8
 23
 28
 12
 9
 10
 11
 -7
 -21
 -24
 -2
 12
 14
 11
 19
 15
 10
 -1
 -6
 -7
 -7
 -11
 -8
 -5
 3
 12
 23
 22
 15
 15
 23
 22
 15
 -2
 -8
 1
 7
 3
 1
 6
 15
 20
 13
 1
 1
 20
 24
 27
 35
 40
 41
 27
 2
 3
 8
 0
 -2
 5
 19
 31
 30
 15
 3
 -6
 -5
 4
 2
 -13
 -20
 -12
 -7
 -12
 -20
 -28
 -27
 -25
 -28
 -31
 -27
 -28
 -24
 -22
 -13
 -8
 -8
 -11
 -9
 -3
 -1
 -11
 -16
 -11
 -6
 -12
 -18
 -12
 0
 9
 10
 1
 -5
 -1
 -3
 -4
 -8
 -7
 -4
 3
 5
 17
 21
 18
 9
 14
 20
 9
 -15
 -32
 -27
 -9
 8
 10
 9
 6
 10
 16
 13
 -5
 -12
 -7
 10
 21
 8
 -12
 -19
 -10
 11
 22
 10
 -1
 9
 21
 16
 -1
 -16
 -13
 -2
 1
 -3
 3
 5
 3
 9
 8
 7
 5
 -7
 -19
 -23
 -19
 -3
 3
 -2
 -6
 -2
 2
 -5
 -13
 -18
 -10
 5
 21
 31
 32
 26
 23
 23
 9
 -8
 -10
 -3
 -1
 -4
 -3
 15
 39
 39
 25
 22
 23
 10
 -12
 -35
 -43
 -39
 -31
 -21
 -1
 5
 -5
 -13
 -10
 -9
 -12
 -23
 -22
 -6
 2
 -4
 -12
 -15
 -10
 -1
 -5
 -7
 -1
 3
 6
 -2
 -12
 -9
 -5
 0
 0
 -8
 -10
 -11
 -11
 -10
 -9
 8
 52
 116
 187
 258
 322
 364
 352
 268
 132
 -11
 -145
 -255
 -314
 -329
 -293
 -223
 -148
 -87
 -49
 -49
 -46
 -36
 -23
 -19
 -26
 -23
 -11
 1
 -2
 -13
 -13
 -4
 -2
 -6
 -14
 -10
 -4
 -3
 1
 7
 7
 6
 -2
 -8
 -10
 -6
 -9
 -7
 -4
 4
 11
 10
 2
 -4
 -10
 -17
 -11
 7
 22
 20
 14
 17
 23
 14
 -5
 -24
 -18
 -5
 5
 13
 18
 13
 9
 -3
 -4
 4
 1
 -5
 -3
 7
 19
 18
 5
 1
 1
 5
 10
 16
 19
 20
 18
 17
 16
 11
 1
 3
 13
 27
 36
 34
 28
 27
 27
 19
 10
 10
 9
 11
 9
 6
 11
 12
 5
 4
 5
 9
 11
 0
 -7
 -13
 -11
 -10
 -15
 -27
 -28
 -29
 -22
 -26
 -28
 -22
 -13
 -12
 -12
 -17
 -12
 -8
 -12
 -18
 -14
 -6
 2
 -3
 -6
 -4
 1
 3
 3
 0
 3
 3
 2
 1
 -1
 -7
 -9
 -5
 0
 0
 -3
 -4
 -1
 3
 -1
 -5
 -3
 -1
 -1
 3
 3
 8
 8
 7
 7
 6
 1
 -2
 -4
 -2
 -1
 1
 1
 1
 3
 3
 1
 -1
 -1
 -2
 1
 3
 2
 -2
 -2
 -7
 -3
 -2
 -3
 -1
 5
 6
 9
 8
 2
 0
 -3
 -4
 -4
 -1
 3
 1
 -3
 0
 0
 0
 -4
 -10
 -1
 7
 2
 5
 2
 3
 4
 3
 2
 4
 4
 8
 9
 6
 5
 9
 17
 19
 20
 24
 33
 32
 24
 14
 6
 5
 -2
 -4
 -7
 -8
 -13
 -16
 -14
 -8
 -13
 -13
 -15
 -11
 -10
 -16
 -19
 -20
 -21
 -16
 -13
 -5
 -4
 -5
 -6
 -4
 -4
 -3
 -6
 -7
 -9
 -7
 -2
 0
 1
 0
 -1
 1
 -1
 -9
 -10
 -4
 7
 43
 87
 144
 211
 279
 332
 347
 288
 177
 50
 -83
 -207
 -287
 -309
 -287
 -232
 -166
 -102
 -50
 -32
 -39
 -43
 -40
 -39
 -33
 -26
 -18
 -18
 -14
 -6
 -3
 -5
 -6
 -9
 -6
 -1
 -4
 -6
 1
 1
 -4
 -4
 -5
 -3
 5
 0
 -4
 -3
 -4
 -3
 1
 0
 2
 1
 0
 4
 4
 2
 -2
 -4
 -2
 3
 1
 2
 3
 3
 3
 3
 0
 1
 0
 0
 3
 0
 2
 3
 4
 4
 3
 4
 7
 7
 6
 2
 2
 7
 5
 7
 5
 7
 10
 14
 11
 12
 9
 8
 11
 12
 15
 15
 13
 12
 14
 17
 20
 14
 14
 12
 17
 21
 17
 14
 11
 10
 13
 14
 11
 7
 4
 2
 -1
 -2
 -6
 -8
 -13
 -14
 -15
 -18
 -15
 -20
 -25
 -22
 -24
 -18
 -15
 -19
 -16
 -13
 -13
 -7
 -9
 -6
 -5
 -5
 -4
 -3
 -1
 0
 -4
 -8
 -5
 -5
 -1
 -4
 -7
 -5
 0
 -1
 2
 0
 -4
 -1
 1
 1
 6
 3
 2
 0
 1
 5
 6
 2
 0
 -2
 2
 2
 1
 -2
 -4
 -4
 -1
 6
 5
 -1
 1
 0
 3
 4
 0
 -3
 0
 -3
 -1
 1
 0
 0
 2
 0
 -1
 2
 -1
 0
 -5
 -5
 -4
 -1
 0
 0
 -1
 0
 1
 2
 2
 0
 0
 -2
 3
 3
 3
 1
 -3
 -4
 -5
 -6
 -4
 -4
 1
 0
 1
 6
 7
 8
 9
 4
 5
 10
 9
 11
 11
 14
 17
 27
 30
 31
 21
 13
 6
 7
 2
 -7
 -12
 -13
 -10
 -8
 -10
 -14
 -14
 -16
 -14
 -13
 -11
 -15
 -18
 -20
 -18
 -13
 -11
 -16
 -11
 -12
 -10
 -5
 -4
 -8
 -6
 -8
 -4
 -1
 -2
 -6
 -4
 -1
 1
 5
 4
 -3
 -5
 -5
 -2
 9
 34
 82
 144
 210
 280
 334
 334
 260
 137
 7
 -120
 -230
 -298
 -312
 -277
 -206
 -134
 -72
 -32
 -32
 -41
 -34
 -33
 -33
 -29
 -28
 -19
 -10
 -8
 -7
 -5
 -8
 -9
 -7
 -4
 0
 2
 -1
 1
 2
 -2
 0
 -3
 -3
 0
 -1
 -1
 2
 4
 3
 1
 0
 1
 3
 2
 -5
 -3
 -3
 -5
 0
 1
 2
 7
 4
 5
 8
 4
 1
 -3
 -6
 -7
 1
 4
 9
 8
 6
 2
 10
 9
 10
 4
 3
 5
 15
 16
 15
 9
 6
 8
 18
 19
 18
 15
 15
 20
 20
 18
 11
 10
 13
 17
 18
 18
 15
 19
 16
 12
 10
 5
 1
 2
 1
 -2
 -3
 -4
 -6
 -7
 -13
 -18
 -17
 -18
 -20
 -23
 -15
 -17
 -18
 -16
 -14
 -14
 -9
 -16
 -7
 -1
 -2
 -5
 0
 0
 3
 -3
 -7
 -6
 -3
 -2
 -1
 -1
 -1
 -2
 -1
 -1
 0
 3
 3
 4
 3
 -1
 2
 3
 4
 3
 -2
 1
 8
 7
 2
 -4
 -8
 -2
 2
 -2
 -6
 -3
 0
 7
 8
 3
 5
 4
 -2
 -3
 0
 1
 4
 -1
 -2
 -1
 6
 6
 3
 -3
 1
 2
 2
 1
 0
 -2
 1
 -3
 0
 -1
 -2
 -2
 0
 -1
 0
 2
 7
 4
 -1
 -5
 2
 5
 2
 1
 0
 0
 8
 5
 7
 4
 3
 5
 12
 14
 15
 15
 23
 24
 29
 30
 26
 18
 9
 4
 4
 -5
 -15
 -20
 -17
 -13
 -11
 -14
 -11
 -12
 -10
 -12
 -15
 -18
 -17
 -19
 -18
 -21
 -15
 -7
 0
 -3
 -7
 -10
 -5
 -6
 -8
 -17
 -13
 -6
 4
 7
 6
 2
 0
 -9
 -8
 -8
 -4
 18
 57
 109
 184
 244
 302
 327
 286
 185
 65
 -57
 -161
 -249
 -296
 -295
 -235
 -164
 -105
 -70
 -53
 -44
 -27
 -22
 -21
 -25
 -23
 -15
 -10
 -10
 -9
 -11
 -13
 -8
 -4
 -1
 1
 -1
 -1
 4
 4
 4
 0
 -4
 -2
 -1
 -4
 -3
 -2
 4
 6
 -2
 -4
 -1
 -1
 -4
 -11
 -12
 -3
 3
 6
 4
 1
 1
 2
 4
 7
 2
 0
 0
 4
 6
 1
 -5
 -3
 -5
 0
 6
 8
 10
 8
 6
 13
 13
 9
 5
 5
 13
 19
 16
 12
 9
 15
 19
 18
 16
 16
 20
 18
 14
 12
 12
 13
 13
 14
 17
 17
 18
 16
 12
 10
 3
 1
 1
 -4
 -10
 -13
 -15
 -13
 -18
 -25
 -27
 -21
 -18
 -16
 -17
 -15
 -16
 -15
 -20
 -20
 -20
 -17
 -8
 -2
 -4
 -5
 -6
 1
 4
 -2
 -3
 2
 7
 6
 -1
 -8
 -7
 -5
 -3
 -4
 -5
 -1
 -1
 3
 2
 -4
 -3
 0
 -4
 0
 -5
 -2
 3
 5
 1
 3
 2
 5
 1
 -4
 -7
 -4
 0
 2
 1
 4
 4
 5
 4
 1
 0
 -2
 -5
 0
 3
 4
 1
 1
 -1
 3
 2
 2
 4
 6
 4
 2
 -2
 -4
 -7
 -11
 -12
 -10
 -5
 -4
 0
 -2
 -2
 2
 2
 4
 4
 0
 1
 3
 1
 6
 4
 6
 1
 4
 4
 5
 2
 1
 0
 11
 14
 18
 24
 27
 30
 31
 28
 20
 11
 1
 -8
 -9
 -6
 -9
 -11
 -9
 -11
 -8
 -12
 -14
 -20
 -22
 -24
 -20
 -17
 -13
 -16
 -13
 -9
 -3
 -1
 -5
 -8
 -10
 -10
 -3
 -3
 -4
 -4
 -3
 1
 4
 0
 -2
 -7
 -9
 -10
 -5
 17
 60
 114
 186
 264
 329
 348
 287
 165
 37
 -90
 -201
 -273
 -307
 -273
 -200
 -131
 -75
 -41
 -38
 -36
 -35
 -36
 -29
 -25
 -21
 -21
 -15
 -12
 -5
 0
 2
 0
 4
 2
 6
 7
 -1
 -6
 -6
 -6
 1
 1
 1
 1
 0
 0
 6
 4
 5
 5
 4
 2
 1
 3
 2
 -2
 -3
 0
 9
 9
 1
 0
 2
 1
 0
 0
 5
 7
 4
 1
 6
 6
 5
 2
 -1
 3
 5
 3
 6
 5
 5
 6
 6
 9
 12
 11
 9
 9
 14
 18
 20
 17
 18
 14
 17
 17
 16
 15
 14
 10
 16
 17
 17
 13
 10
 6
 12
 14
 14
 15
 15
 7
 8
 7
 8
 4
 -3
 -9
 -4
 -6
 -13
 -24
 -27
 -26
 -21
 -26
 -23
 -19
 -18
 -19
 -17
 -17
 -7
 -12
 -16
 -12
 -1
 0
 2
 -7
 -6
 -7
 -8
 -14
 -16
 -14
 -7
 0
 10
 18
 11
 4
 -8
 -10
 -5
 -3
 -4
 5
 10
 11
 7
 5
 1
 -2
 -8
 -7
 10
 18
 10
 5
 -2
 -3
 0
 -3
 0
 8
 11
 10
 9
 6
 3
 8
 10
 3
 1
 2
 6
 8
 1
 -11
 -9
 0
 8
 8
 7
 -4
 -3
 1
 5
 2
 0
 -6
 3
 6
 5
 -6
 -6
 -3
 3
 1
 -1
 -3
 2
 -1
 1
 -4
 -7
 -3
 1
 1
 9
 6
 11
 9
 3
 0
 7
 6
 13
 8
 5
 7
 18
 27
 33
 25
 23
 30
 31
 17
 6
 -2
 -13
 -26
 -28
 -17
 2
 -3
 -15
 -17
 -5
 5
 0
 -23
 -33
 -26
 -14
 -13
 -24
 -31
 -20
 -12
 -7
 7
 17
 18
 6
 -7
 -10
 -20
 -26
 -23
 -13
 -3
 3
 14
 24
 9
 -12
 -28
 -26
 -3
 35
 89
 152
 220
 304
 369
 359
 261
 133
 9
 -116
 -236
 -311
 -322
 -277
 -213
 -147
 -88
 -55
 -48
 -45
 -25
 -16
 -16
 -3
 3
 -8
 -26
 -32
 -25
 -18
 -25
 -19
 2
 24
 21
 10
 1
 2
 -1
 -13
 -21
 -17
 7
 16
 2
 -9
 -10
 3
 12
 -6
 -25
 -15
 -3
 12
 11
 -7
 -28
 -22
 -14
 -3
 4
 8
 11
 14
 4
 -2
 0
 -1
 -11
 -15
 -2
 22
 35
 22
 -2
 -9
 -1
 -3
 -12
 -23
 -17
 0
 13
 23
 34
 35
 33
 29
 26
 21
 8
 -2
 -9
 -18
 -22
 -19
 -1
 22
 35
 52
 63
 59
 41
 9
 -22
 -34
 -39
 -26
 -10
 6
 12
 22
 36
 44
 33
 26
 18
 16
 6
 -19
 -37
 -39
 -37
 -20
 -6
 -7
 -3
 -4
 1
 -2
 -16
 -24
 -20
 -16
 -15
 -28
 -40
 -38
 -33
 -15
 0
 14
 23
 29
 23
 14
 2
 -4
 -8
 3
 12
 19
 21
 13
 2
 -3
 -10
 -13
 -20
 -25
 -22
 -19
 -19
 -23
 -22
 -15
 -3
 6
 12
 10
 4
 9
 16
 14
 3
 0
 12
 25
 19
 4
 0
 7
 7
 0
 -5
 -3
 4
 0
 1
 4
 4
 2
 -3
 -7
 0
 1
 -4
 -7
 -9
 -7
 -3
 2
 4
 16
 23
 24
 18
 9
 5
 6
 -1
 -8
 -13
 -8
 2
 7
 1
 -1
 -7
 -4
 1
 6
 6
 10
 7
 17
 19
 17
 9
 5
 2
 1
 5
 7
 4
 -2
 -8
 -10
 -2
 -1
 3
 13
 29
 40
 44
 35
 21
 19
 6
 -4
 -13
 -14
 -6
 -1
 -7
 -4
 -5
 -7
 -12
 -20
 -22
 -20
 -17
 -9
 -10
 -12
 -13
 -8
 1
 1
 -9
 -7
 -10
 -6
 0
 -4
 -5
 -2
 1
 13
 14
 6
 0
 -1
 -5
 -8
 -10
 -3
 19
 62
 111
 182
 257
 329
 358
 317
 209
 89
 -41
 -157
 -251
 -290
 -282
 -227
 -156
 -96
 -59
 -45
 -50
 -44
 -37
 -39
 -40
 -40
 -43
 -37
 -26
 -11
 -7
 -6
 -4
 6
 10
 4
 -6
 -11
 -10
 -5
 0
 -1
 0
 -5
 -2
 5
 5
 -1
 -2
 0
 6
 4
 1
 1
 2
 -2
 -8
 -7
 0
 7
 6
 2
 -1
 -3
 -4
 -3
 -9
 -9
 -5
 6
 18
 19
 6
 4
 1
 2
 4
 0
 0
 7
 7
 12
 12
 6
 3
 5
 5
 10
 11
 5
 6
 9
 15
 25
 21
 19
 23
 21
 20
 11
 4
 9
 14
 15
 14
 15
 21
 27
 21
 9
 7
 15
 16
 16
 5
 4
 10
 13
 6
 4
 -4
 -3
 -6
 -11
 -12
 -9
 -12
 -14
 -14
 -12
 -11
 -15
 -20
 -22
 -21
 -21
 -16
 -13
 -13
 -14
 -14
 -11
 -5
 -1
 -1
 -3
 -4
 -3
 -2
 -4
 -9
 -5
 2
 7
 8
 7
 1
 -1
 -4
 -4
 -4
 0
 0
 6
 -1
 -4
 -4
 -1
 2
 1
 -3
 1
 7
 10
 8
 1
 -1
 3
 5
 6
 1
 -1
 -2
 3
 4
 5
 -2
 -4
 -2
 4
 4
 4
 3
 3
 2
 2
 4
 2
 -2
 -2
 -1
 3
 4
 4
 3
 1
 0
 2
 0
 -2
 -10
 -11
 -11
 -5
 1
 2
 2
 5
 4
 8
 7
 1
 0
 -5
 -7
 -1
 2
 2
 0
 -1
 -1
 0
 1
 -1
 0
 2
 2
 10
 9
 9
 7
 3
 0
 4
 3
 10
 12
 10
 6
 11
 14
 17
 18
 16
 25
 32
 30
 22
 14
 7
 1
 -7
 -10
 -10
 -7
 -6
 -11
 -11
 -11
 -11
 -15
 -18
 -18
 -16
 -21
 -22
 -21
 -16
 -15
 -15
 -11
 -5
 -6
 -7
 -12
 -13
 -8
 -5
 -2
 -2
 -5
 0
 4
 6
 1
 -5
 -9
 -3
 -1
 -4
 -16
 -17
 -3
 28
 64
 106
 160
 232
 304
 342
 319
 228
 114
 -4
 -127
 -231
 -285
 -284
 -241
 -189
 -130
 -75
 -41
 -44
 -57
 -59
 -45
 -31
 -20
 -22
 -19
 -16
 -10
 -5
 -8
 -10
 -10
 -7
 1
 6
 4
 -1
 -8
 -4
 -2
 2
 6
 5
 1
 -3
 -5
 -1
 1
 -2
 -6
 -5
 1
 1
 1
 -3
 -2
 2
 2
 -2
 2
 6
 6
 1
 -4
 -4
 4
 5
 0
 -3
 -3
 5
 7
 1
 -3
 -3
 -4
 2
 4
 6
 7
 6
 5
 9
 4
 1
 3
 7
 9
 8
 12
 16
 20
 18
 14
 15
 15
 12
 7
 6
 11
 17
 16
 17
 13
 20
 20
 15
 9
 9
 10
 14
 11
 11
 7
 13
 11
 7
 3
 4
 2
 6
 -4
 -9
 -11
 -12
 -15
 -21
 -31
 -30
 -20
 -14
 -16
 -16
 -12
 -3
 -8
 -17
 -22
 -20
 -19
 -17
 -15
 -9
 -7
 -6
 -5
 -5
 -7
 -8
 -4
 -3
 -2
 -2
 -5
 -6
 -5
 -5
 -2
 -2
 -5
 -6
 -2
 -2
 -4
 -6
 -6
 2
 7
 9
 6
 4
 3
 2
 -3
 -2
 -7
 -7
 -7
 -4
 3
 9
 6
 1
 1
 3
 7
 2
 -6
 -8
 -4
 2
 4
 2
 0
 1
 4
 7
 2
 -3
 -9
 -7
 -5
 -2
 -4
 -4
 -2
 6
 8
 10
 7
 4
 -2
 -4
 -9
 -7
 -3
 -3
 -3
 1
 3
 5
 3
 -4
 -5
 -6
 -5
 -4
 -4
 -5
 -7
 -6
 2
 8
 11
 4
 -1
 3
 7
 6
 4
 1
 7
 9
 3
 -1
 1
 1
 2
 2
 0
 5
 7
 9
 14
 17
 18
 23
 29
 31
 19
 5
 2
 13
 23
 17
 4
 1
 0
 -2
 -13
 -20
 -15
 -9
 -12
 -12
 -17
 -22
 -27
 -30
 -25
 -13
 -5
 2
 6
 6
 -6
 -21
 -30
 -20
 -1
 11
 5
 8
 18
 26
 14
 -10
 -24
 -12
 0
 6
 2
 -6
 -7
 -3
 3
 25
 58
 111
 180
 257
 321
 340
 285
 189
 76
 -42
 -157
 -251
 -285
 -262
 -210
 -151
 -90
 -49
 -33
 -41
 -49
 -47
 -39
 -33
 -21
 -12
 -11
 -6
 -7
 -13
 -17
 -21
 -14
 5
 15
 21
 18
 10
 2
 7
 8
 12
 13
 14
 14
 10
 -4
 -20
 -34
 -35
 -20
 -1
 16
 16
 15
 17
 18
 17
 11
 7
 18
 23
 27
 16
 -2
 -17
 -20
 -10
 15
 36
 44
 38
 19
 -9
 -37
 -51
 -51
 -28
 -12
 -1
 7
 7
 5
 13
 31
 50
 42
 19
 0
 -8
 -3
 8
 7
 9
 10
 17
 20
 -3
 -45
 -43
 13
 78
 93
 58
 10
 -4
 13
 25
 22
 22
 27
 25
 3
 -38
 -64
 -62
 -44
 -18
 12
 20
 8
 -11
 -14
 2
 6
 -10
 -31
 -43
 -42
 -45
 -52
 -47
 -34
 -10
 25
 46
 41
 19
 9
 13
 9
 -30
 -62
 -66
 -38
 -10
 13
 25
 38
 28
 3
 -31
 -39
 -24
 -7
 -15
 -23
 1
 45
 43
 -4
 -44
 -36
 -8
 1
 -13
 -20
 -5
 14
 21
 16
 -3
 -12
 4
 20
 35
 25
 -2
 -22
 -41
 -57
 -55
 -40
 -4
 37
 47
 27
 1
 -6
 -4
 -16
 -31
 -17
 15
 39
 31
 14
 5
 -9
 -28
 -40
 -39
 -20
 -2
 12
 21
 25
 26
 16
 -12
 -42
 -49
 -27
 4
 20
 19
 10
 4
 -1
 -6
 -14
 -13
 3
 31
 46
 35
 8
 -13
 -24
 -29
 -35
 -29
 -2
 29
 48
 53
 46
 44
 40
 27
 14
 1
 -9
 -7
 -5
 -5
 -10
 -22
 -24
 -15
 -10
 -13
 -16
 -17
 -11
 -13
 -18
 -24
 -27
 -26
 -18
 -12
 -2
 -1
 -2
 2
 4
 4
 3
 -4
 -6
 -2
 -3
 -1
 -1
 -1
 -3
 -9
 -19
 -22
 -18
 -5
 16
 57
 109
 175
 249
 307
 327
 286
 190
 77
 -30
 -135
 -220
 -272
 -280
 -240
 -171
 -113
 -76
 -60
 -44
 -18
 0
 1
 -13
 -21
 -25
 -25
 -24
 -16
 -16
 -11
 -5
 5
 7
 11
 8
 6
 2
 -3
 -4
 -3
 -3
 3
 1
 1
 6
 6
 8
 5
 -5
 -1
 4
 2
 -2
 -8
 -12
 -7
 -2
 -2
 1
 2
 6
 11
 10
 2
 -1
 -6
 -3
 -2
 -1
 -3
 1
 3
 8
 9
 10
 11
 9
 4
 -3
 -3
 2
 8
 7
 7
 8
 15
 9
 9
 5
 7
 12
 14
 13
 21
 17
 14
 12
 13
 13
 14
 11
 8
 4
 5
 7
 12
 10
 7
 3
 5
 8
 4
 -2
 -5
 -4
 -3
 -5
 -12
 -15
 -16
 -18
 -25
 -22
 -20
 -18
 -21
 -22
 -19
 -8
 -5
 -8
 -9
 -13
 -13
 -7
 -3
 -2
 -1
 -7
 -5
 -1
 1
 -2
 -4
 -4
 1
 3
 10
 7
 2
 -3
 -2
 0
 7
 -4
 -6
 -8
 -1
 3
 10
 4
 3
 0
 6
 6
 7
 3
 7
 8
 7
 8
 8
 0
 -9
 -10
 -5
 0
 0
 -2
 -2
 4
 3
 1
 -1
 -4
 -4
 -3
 0
 4
 9
 4
 -1
 -4
 -2
 -6
 -6
 -12
 -3
 1
 2
 4
 8
 3
 3
 -4
 -5
 -2
 0
 -1
 0
 4
 7
 11
 11
 5
 1
 3
 0
 2
 3
 4
 9
 16
 19
 26
 31
 31
 28
 22
 12
 9
 6
 -5
 -13
 -14
 -14
 -8
 -8
 -18
 -13
 -12
 -16
 -16
 -15
 -19
 -18
 -18
 -18
 -13
 -7
 -11
 -10
 -6
 -9
 -5
 -3
 -5
 -1
 -3
 -5
 -4
 1
 1
 1
 -8
 -6
 -9
 -11
 -19
 -16
 7
 56
 112
 177
 252
 310
 326
 274
 171
 56
 -54
 -166
 -243
 -285
 -273
 -218
 -155
 -104
 -68
 -50
 -32
 -19
 -18
 -22
 -24
 -21
 -16
 -11
 -4
 -2
 -3
 -3
 1
 3
 0
 -3
 -4
 -3
 2
 -2
 -6
 -5
 -4
 1
 2
 0
 3
 3
 0
 0
 0
 4
 2
 -1
 -3
 2
 3
 4
 -1
 -1
 -1
 1
 -1
 0
 -4
 -3
 -2
 3
 5
 4
 -1
 2
 2
 4
 3
 8
 9
 10
 8
 9
 8
 7
 1
 2
 5
 4
 8
 12
 13
 11
 11
 9
 14
 15
 12
 11
 13
 13
 18
 20
 13
 12
 13
 14
 17
 12
 9
 9
 6
 4
 5
 4
 4
 2
 -1
 0
 -4
 -6
 -13
 -14
 -17
 -14
 -11
 -6
 -12
 -15
 -17
 -17
 -12
 -12
 -13
 -9
 -9
 -7
 -3
 -6
 -8
 -10
 -11
 -4
 -3
 -3
 -2
 -3
 -4
 -2
 -3
 1
 1
 -2
 -4
 -2
 0
 8
 4
 0
 -1
 2
 6
 9
 0
 1
 2
 1
 6
 5
 -4
 -1
 -3
 -1
 7
 5
 3
 4
 3
 3
 7
 3
 0
 -2
 1
 0
 4
 2
 1
 -1
 -2
 -2
 -1
 -2
 -4
 -3
 -3
 -3
 0
 2
 3
 -1
 -3
 -3
 1
 2
 0
 -2
 -1
 0
 4
 5
 0
 -1
 -2
 0
 2
 3
 3
 3
 3
 3
 5
 6
 4
 3
 5
 4
 8
 8
 6
 5
 9
 14
 19
 24
 27
 26
 24
 14
 6
 6
 -2
 -9
 -12
 -16
 -9
 -6
 -9
 -14
 -12
 -9
 -3
 -10
 -16
 -20
 -20
 -17
 -17
 -16
 -11
 -10
 -9
 -4
 -6
 -1
 0
 -1
 -2
 1
 1
 2
 -2
 -5
 -5
 -3
 -4
 -6
 -13
 -19
 -20
 -15
 10
 51
 101
 158
 224
 283
 319
 293
 201
 94
 -9
 -114
 -203
 -256
 -264
 -226
 -176
 -123
 -82
 -55
 -44
 -38
 -31
 -29
 -28
 -24
 -22
 -20
 -15
 -9
 -2
 -3
 -3
 1
 0
 -5
 -1
 2
 2
 1
 -2
 -1
 3
 3
 -3
 -5
 -3
 -2
 0
 5
 1
 1
 0
 -2
 2
 2
 -1
 -1
 0
 2
 6
 4
 1
 0
 1
 -1
 0
 1
 1
 -1
 -1
 -3
 4
 4
 1
 -1
 2
 5
 11
 12
 13
 8
 8
 7
 8
 8
 2
 0
 7
 10
 15
 14
 13
 14
 15
 14
 16
 15
 13
 11
 12
 13
 13
 16
 14
 16
 14
 15
 17
 16
 5
 4
 3
 7
 7
 2
 -1
 -1
 -2
 -5
 -7
 -9
 -12
 -14
 -17
 -17
 -17
 -15
 -18
 -20
 -19
 -15
 -13
 -10
 -15
 -15
 -9
 -9
 -6
 -4
 -5
 -7
 -8
 -9
 -2
 1
 -2
 -6
 -4
 0
 4
 -1
 -3
 -6
 -4
 -1
 -1
 -2
 -2
 -3
 2
 4
 4
 3
 2
 3
 2
 1
 3
 1
 1
 1
 4
 1
 1
 1
 1
 1
 2
 -3
 3
 2
 0
 4
 2
 1
 4
 3
 0
 3
 -2
 -1
 -1
 2
 4
 4
 0
 0
 3
 3
 -1
 -7
 -3
 -2
 4
 2
 2
 0
 3
 0
 1
 -2
 1
 -3
 -3
 -2
 1
 0
 1
 -3
 -1
 2
 2
 4
 3
 0
 -1
 2
 4
 7
 3
 4
 3
 6
 4
 7
 2
 3
 7
 14
 22
 29
 25
 28
 28
 20
 18
 10
 0
 -5
 -14
 -14
 -10
 -11
 -11
 -11
 -10
 -10
 -14
 -15
 -20
 -21
 -20
 -20
 -14
 -10
 -9
 -7
 -8
 -9
 -7
 -2
 -2
 -2
 -2
 -4
 -1
 2
 -3
 -5
 -5
 -6
 -1
 -4
 -12
 -11
 -5
 17
 57
 104
 160
 229
 287
 313
 269
 173
 65
 -40
 -148
 -224
 -259
 -242
 -191
 -138
 -91
 -54
 -42
 -44
 -47
 -47
 -42
 -38
 -30
 -24
 -17
 -10
 -4
 -3
 -2
 -2
 -2
 -1
 -1
 -4
 -3
 4
 1
 1
 -2
 -1
 5
 5
 -3
 -3
 -4
 -1
 1
 2
 0
 1
 5
 3
 3
 4
 1
 1
 -4
 -7
 2
 4
 1
 -6
 -3
 2
 7
 2
 1
 2
 6
 3
 7
 5
 5
 2
 1
 5
 12
 7
 5
 9
 10
 10
 10
 7
 11
 13
 6
 9
 10
 15
 16
 14
 12
 18
 18
 21
 15
 13
 12
 13
 12
 13
 10
 11
 10
 9
 9
 4
 4
 2
 -2
 -6
 -7
 -8
 -8
 -17
 -19
 -20
 -17
 -14
 -15
 -21
 -18
 -17
 -11
 -9
 -13
 -15
 -10
 -11
 -7
 -6
 -6
 -5
 -7
 -3
 2
 -1
 -5
 -10
 -9
 -4
 -1
 -3
 -1
 -2
 -3
 -1
 1
 -3
 -3
 -4
 -4
 0
 0
 1
 1
 3
 0
 0
 -1
 3
 -3
 1
 -3
 0
 3
 10
 5
 5
 -1
 0
 -1
 1
 -6
 -5
 -2
 -1
 -2
 7
 2
 2
 -1
 -3
 1
 8
 -2
 -3
 -3
 -1
 1
 1
 -1
 -1
 -1
 2
 2
 4
 1
 -5
 -4
 -1
 2
 1
 -3
 -3
 2
 2
 1
 2
 0
 1
 2
 -4
 -2
 0
 -2
 -1
 0
 -3
 3
 3
 0
 2
 5
 2
 3
 5
 4
 7
 1
 1
 4
 8
 5
 2
 4
 11
 17
 23
 26
 27
 30
 25
 22
 13
 5
 -3
 -9
 -12
 -8
 -13
 -12
 -15
 -15
 -14
 -14
 -17
 -15
 -19
 -18
 -17
 -15
 -10
 -12
 -15
 -9
 -5
 -2
 0
 -5
 -7
 -5
 -6
 -4
 -5
 -9
 -6
 -2
 -3
 -1
 -1
 -3
 -2
 -8
 -12
 -6
 -1
 21
 56
 100
 159
 230
 284
 301
 251
 158
 55
 -44
 -143
 -218
 -250
 -234
 -184
 -124
 -83
 -56
 -47
 -50
 -48
 -43
 -41
 -36
 -30
 -23
 -17
 -6
 -3
 -5
 -7
 -9
 -8
 1
 0
 0
 -2
 -1
 0
 2
 1
 -1
 -3
 1
 2
 4
 2
 -1
 -1
 4
 0
 0
 1
 3
 1
 -2
 -7
 -1
 4
 1
 -3
 -2
 -2
 6
 3
 -5
 -4
 0
 1
 8
 2
 2
 6
 6
 3
 3
 4
 8
 6
 7
 6
 9
 10
 7
 7
 9
 6
 10
 14
 13
 12
 10
 8
 12
 16
 14
 15
 14
 14
 21
 22
 15
 12
 11
 11
 16
 13
 8
 9
 7
 6
 7
 0
 -3
 -3
 -7
 -7
 -5
 -6
 -6
 -11
 -14
 -17
 -16
 -14
 -17
 -18
 -16
 -14
 -7
 -9
 -12
 -10
 -12
 -8
 -5
 -5
 -4
 -6
 -8
 -4
 -3
 -3
 -3
 -4
 -6
 -5
 -1
 0
 1
 0
 -3
 1
 5
 3
 1
 -2
 -2
 1
 3
 2
 1
 -1
 -2
 -1
 4
 4
 3
 1
 -1
 0
 -1
 1
 1
 -1
 0
 4
 6
 7
 2
 -1
 -1
 0
 0
 1
 0
 1
 0
 1
 1
 2
 2
 2
 0
 0
 2
 4
 2
 -1
 -2
 -3
 -4
 -1
 -2
 -2
 -1
 -1
 2
 6
 3
 -1
 -2
 -2
 0
 4
 3
 1
 3
 3
 4
 4
 -2
 -2
 -2
 -3
 -3
 -1
 2
 5
 4
 3
 7
 9
 8
 1
 -2
 -1
 4
 5
 6
 4
 5
 4
 7
 9
 11
 15
 17
 22
 29
 32
 28
 19
 11
 6
 6
 2
 -5
 -11
 -9
 -9
 -7
 -8
 -12
 -14
 -13
 -16
 -13
 -13
 -18
 -19
 -18
 -15
 -10
 -11
 -10
 -9
 -5
 -7
 -1
 -1
 -1
 -3
 -1
 -1
 3
 -2
 -3
 -4
 -3
 -2
 1
 2
 1
 -1
 -5
 -11
 -4
 16
 48
 91
 138
 197
 260
 293
 268
 193
 99
 6
 -87
 -176
 -231
 -241
 -209
 -166
 -115
 -78
 -48
 -41
 -34
 -32
 -29
 -35
 -34
 -31
 -27
 -27
 -16
 -6
 -3
 -4
 -4
 -4
 0
 0
 -5
 -2
 -6
 -5
 3
 7
 3
 3
 -1
 6
 6
 3
 -2
 1
 1
 1
 6
 3
 0
 1
 -4
 -2
 0
 0
 2
 2
 1
 2
 2
 2
 0
 1
 0
 -1
 2
 5
 5
 5
 1
 3
 6
 5
 6
 5
 4
 7
 9
 10
 12
 7
 9
 6
 9
 11
 11
 11
 11
 10
 12
 12
 13
 13
 10
 11
 12
 17
 16
 9
 9
 10
 13
 14
 10
 8
 9
 9
 14
 12
 8
 4
 4
 0
 -1
 -5
 -8
 -10
 -11
 -12
 -4
 -5
 -9
 -14
 -15
 -12
 -10
 -12
 -15
 -14
 -13
 -11
 -5
 -6
 -10
 -9
 -9
 -6
 1
 -6
 -4
 -1
 -1
 1
 5
 1
 -1
 -5
 -5
 -4
 -3
 -2
 -6
 -4
 -1
 -1
 5
 6
 0
 5
 5
 1
 3
 0
 1
 2
 -2
 -3
 4
 4
 2
 0
 2
 -1
 0
 0
 0
 -1
 1
 0
 5
 7
 1
 1
 5
 1
 5
 4
 5
 5
 1
 -2
 -1
 0
 1
 -4
 0
 2
 3
 5
 1
 0
 4
 1
 4
 5
 4
 2
 3
 -2
 2
 1
 1
 -2
 -1
 -3
 4
 5
 3
 3
 0
 0
 2
 0
 -3
 -2
 -5
 0
 1
 3
 4
 2
 1
 4
 3
 7
 7
 0
 0
 2
 2
 7
 7
 4
 6
 7
 7
 12
 15
 15
 23
 28
 31
 29
 20
 11
 6
 -5
 -10
 -12
 -12
 -10
 -11
 -15
 -9
 -4
 -5
 -9
 -13
 -16
 -13
 -14
 -14
 -16
 -15
 -12
 -5
 -3
 -3
 -7
 -10
 -4
 -1
 -1
 -2
 -6
 -5
 -2
 -2
 3
 1
 1
 0
 -3
 -5
 -11
 -16
 -17
 -11
 11
 53
 98
 149
 201
 258
 291
 279
 207
 116
 19
 -78
 -170
 -224
 -239
 -216
 -179
 -129
 -88
 -55
 -42
 -39
 -38
 -31
 -35
 -30
 -26
 -22
 -22
 -14
 -8
 -6
 -7
 -7
 -9
 -5
 -4
 1
 4
 2
 0
 0
 -1
 1
 -2
 -3
 -1
 1
 1
 5
 7
 5
 3
 0
 -3
 -1
 0
 -2
 -3
 -3
 -2
 3
 6
 7
 3
 4
 1
 5
 3
 -3
 -6
 -5
 -3
 4
 5
 7
 6
 5
 6
 3
 3
 2
 3
 5
 5
 7
 10
 10
 9
 5
 6
 9
 11
 13
 11
 9
 10
 12
 16
 16
 15
 12
 12
 14
 16
 14
 11
 9
 10
 14
 14
 11
 2
 5
 5
 9
 8
 6
 5
 5
 3
 3
 0
 -5
 -9
 -13
 -12
 -14
 -13
 -19
 -20
 -16
 -15
 -10
 -11
 -18
 -12
 -12
 -14
 -13
 -12
 -7
 -4
 -5
 -5
 -5
 -3
 -3
 -6
 -4
 -2
 1
 1
 1
 -2
 -4
 -5
 -6
 -3
 2
 -1
 0
 -2
 2
 4
 2
 -3
 -4
 -2
 1
 0
 1
 2
 4
 5
 -2
 3
 4
 4
 1
 -3
 0
 8
 6
 1
 -2
 -3
 1
 4
 1
 -1
 1
 -1
 1
 4
 3
 0
 -2
 -2
 1
 4
 -1
 -3
 -1
 -3
 -1
 -1
 -1
 0
 -2
 -4
 3
 4
 6
 3
 3
 5
 6
 4
 -3
 -5
 -4
 -3
 -4
 0
 0
 6
 3
 0
 -1
 2
 1
 0
 -4
 -2
 1
 2
 1
 2
 2
 3
 4
 5
 6
 5
 4
 1
 1
 5
 7
 11
 14
 14
 24
 26
 26
 20
 11
 5
 3
 -2
 -4
 -11
 -10
 -10
 -11
 -10
 -13
 -13
 -16
 -17
 -16
 -10
 -14
 -17
 -18
 -17
 -13
 -8
 -10
 -6
 -7
 -9
 -4
 0
 -2
 -4
 -7
 -5
 1
 0
 -4
 -4
 -2
 -1
 3
 -3
 -8
 -15
 -12
 -13
 0
 27
 67
 113
 168
 225
 279
 285
 234
 143
 51
 -45
 -139
 -212
 -232
 -217
 -172
 -130
 -84
 -55
 -38
 -45
 -45
 -42
 -36
 -33
 -29
 -26
 -19
 -11
 -6
 -2
 -6
 -3
 -3
 -5
 -5
 -3
 -3
 -1
 -3
 -5
 1
 -1
 1
 -1
 -2
 -4
 1
 1
 6
 3
 2
 -3
 0
 0
 3
 2
 -1
 -2
 6
 2
 -1
 -3
 -7
 -3
 -1
 -2
 3
 3
 0
 -2
 2
 6
 6
 3
 3
 -1
 6
 5
 6
 1
 1
 0
 6
 6
 5
 0
 4
 8
 13
 15
 11
 8
 9
 10
 10
 10
 10
 11
 12
 12
 15
 16
 13
 10
 11
 11
 15
 12
 10
 11
 11
 10
 9
 7
 6
 7
 3
 1
 1
 1
 -3
 -3
 -8
 -10
 -11
 -13
 -12
 -12
 -17
 -19
 -14
 -11
 -10
 -15
 -15
 -15
 -12
 -11
 -10
 -10
 -9
 -10
 -6
 -5
 -6
 -8
 -8
 -4
 1
 1
 2
 -1
 -5
 -4
 -2
 -2
 -1
 -5
 -3
 -1
 2
 1
 1
 -1
 1
 1
 2
 0
 1
 1
 1
 3
 1
 7
 7
 6
 2
 -2
 -4
 1
 0
 0
 -4
 -4
 3
 5
 2
 0
 -5
 -4
 -2
 0
 -1
 0
 -4
 -1
 1
 1
 -1
 -5
 -6
 -5
 1
 1
 0
 -3
 1
 -1
 4
 2
 2
 2
 0
 -4
 0
 -3
 -4
 -3
 -3
 -1
 4
 4
 7
 2
 -1
 -3
 -1
 -2
 -2
 -8
 -1
 5
 9
 7
 8
 7
 10
 5
 1
 1
 2
 6
 6
 8
 17
 26
 30
 30
 23
 18
 16
 7
 3
 -7
 -11
 -11
 -8
 -8
 -8
 -17
 -15
 -15
 -15
 -16
 -20
 -24
 -21
 -16
 -14
 -9
 -8
 -4
 -2
 -6
 -5
 -4
 -6
 -8
 -8
 -5
 2
 0
 -1
 -4
 -1
 -1
 -2
 -7
 -10
 -11
 -14
 -13
 -6
 21
 60
 104
 155
 220
 270
 276
 217
 124
 29
 -59
 -144
 -203
 -224
 -203
 -151
 -103
 -67
 -48
 -46
 -46
 -43
 -44
 -37
 -30
 -24
 -19
 -15
 -10
 -2
 -1
 -4
 -5
 -6
 -5
 0
 0
 -3
 -4
 -5
 -3
 -2
 1
 0
 1
 0
 -1
 0
 5
 2
 1
 2
 -2
 2
 4
 3
 0
 -4
 -7
 5
 4
 2
 -2
 -5
 0
 1
 -1
 0
 -3
 -1
 4
 2
 5
 7
 5
 5
 2
 5
 9
 9
 0
 -3
 -5
 4
 5
 6
 4
 9
 13
 18
 12
 11
 13
 12
 7
 13
 16
 19
 17
 9
 9
 16
 14
 13
 11
 9
 10
 12
 11
 11
 5
 4
 -1
 2
 2
 -2
 -8
 -10
 -14
 -8
 -6
 -9
 -12
 -16
 -15
 -11
 -12
 -19
 -19
 -16
 -15
 -13
 -13
 -7
 -3
 -7
 -6
 -1
 3
 0
 -7
 -12
 -4
 -3
 -1
 -3
 1
 0
 2
 -4
 -3
 0
 2
 -1
 -1
 1
 8
 6
 1
 -3
 -2
 2
 2
 2
 0
 2
 3
 5
 5
 5
 2
 -1
 -2
 0
 4
 3
 2
 -3
 2
 4
 4
 -1
 -4
 -2
 3
 3
 0
 2
 0
 1
 -2
 -2
 0
 1
 -4
 -2
 -5
 -4
 -2
 0
 -1
 -2
 -4
 2
 5
 5
 -1
 -1
 1
 2
 4
 1
 -3
 -1
 -5
 -1
 1
 -1
 0
 2
 -2
 1
 4
 5
 4
 2
 1
 5
 6
 4
 3
 2
 0
 1
 8
 15
 16
 20
 24
 31
 29
 21
 10
 4
 -3
 -6
 -6
 -7
 -10
 -11
 -15
 -10
 -9
 -13
 -15
 -16
 -18
 -14
 -14
 -15
 -18
 -17
 -12
 -3
 -2
 -4
 -5
 -3
 -3
 -4
 -3
 -2
 -4
 -7
 -7
 -3
 0
 -3
 -5
 -11
 -11
 -3
 20
 58
 108
 163
 230
 282
 274
 206
 108
 5
 -87
 -165
 -224
 -231
 -191
 -137
 -91
 -60
 -48
 -41
 -39
 -40
 -44
 -34
 -23
 -15
 -13
 -8
 -6
 1
 2
 -1
 -2
 -4
 -4
 0
 4
 5
 4
 -1
 0
 0
 1
 -2
 -5
 -5
 -6
 -2
 3
 6
 6
 0
 -3
 3
 4
 4
 -2
 -4
 -1
 1
 1
 0
 -3
 0
 0
 2
 6
 4
 1
 2
 0
 5
 5
 4
 6
 8
 6
 6
 7
 9
 5
 1
 1
 6
 10
 6
 5
 8
 11
 15
 15
 12
 12
 12
 13
 16
 13
 9
 11
 13
 12
 11
 12
 13
 15
 13
 7
 7
 11
 10
 8
 3
 -3
 -2
 -2
 -4
 -11
 -16
 -15
 -12
 -8
 -11
 -19
 -22
 -17
 -13
 -12
 -12
 -12
 -10
 -6
 -5
 -5
 -6
 -7
 -7
 -6
 -4
 -2
 -4
 -2
 -1
 -3
 -3
 -2
 -5
 -5
 -4
 -6
 -4
 1
 4
 6
 2
 -2
 -1
 3
 3
 -1
 -4
 0
 3
 2
 1
 0
 0
 -2
 0
 3
 4
 1
 -1
 -1
 3
 5
 2
 2
 2
 1
 3
 3
 3
 -1
 -3
 -3
 0
 3
 1
 -4
 1
 1
 3
 2
 2
 5
 4
 -1
 1
 0
 0
 -3
 -3
 -4
 0
 2
 4
 2
 -1
 -5
 -2
 -1
 0
 -1
 -3
 -2
 1
 3
 4
 0
 0
 2
 3
 4
 4
 1
 4
 4
 1
 3
 5
 2
 2
 -2
 1
 11
 16
 16
 19
 25
 28
 26
 19
 11
 5
 0
 -7
 -9
 -15
 -15
 -16
 -17
 -13
 -10
 -11
 -12
 -19
 -20
 -15
 -15
 -16
 -17
 -14
 -8
 -4
 -4
 -4
 -7
 -6
 -6
 -3
 -2
 -4
 -7
 -5
 -3
 0
 1
 -6
 -10
 -11
 -13
 -2
 28
 70
 127
 188
 248
 287
 268
 189
 89
 -17
 -112
 -186
 -228
 -229
 -186
 -134
 -89
 -57
 -47
 -45
 -43
 -41
 -38
 -31
 -23
 -15
 -11
 -8
 -7
 -3
 -2
 -1
 -5
 -7
 -4
 2
 3
 4
 -1
 1
 1
 4
 1
 -3
 -2
 1
 0
 2
 -2
 1
 3
 2
 0
 0
 -1
 2
 0
 -4
 -5
 1
 3
 5
 2
 0
 1
 0
 0
 2
 4
 2
 1
 5
 6
 0
 4
 4
 7
 10
 8
 10
 14
 6
 1
 5
 9
 10
 13
 10
 13
 19
 19
 15
 16
 12
 13
 14
 13
 14
 14
 11
 12
 15
 15
 14
 8
 6
 3
 4
 4
 6
 1
 0
 -2
 -2
 -5
 -9
 -19
 -19
 -18
 -16
 -15
 -14
 -16
 -16
 -16
 -16
 -15
 -14
 -14
 -13
 -11
 -7
 -5
 -3
 -2
 -2
 -5
 -2
 -2
 -4
 -3
 -5
 -8
 0
 0
 1
 1
 0
 -1
 2
 -1
 -1
 -1
 1
 -3
 -1
 0
 0
 -2
 -2
 -4
 -1
 4
 1
 2
 5
 3
 8
 7
 3
 3
 -2
 -6
 0
 -2
 2
 2
 3
 2
 5
 2
 2
 -2
 -1
 -1
 3
 5
 2
 1
 0
 -2
 -2
 0
 -1
 0
 -3
 -3
 0
 4
 4
 1
 -2
 -1
 0
 1
 0
 -3
 1
 2
 4
 4
 2
 1
 1
 -2
 -1
 0
 3
 1
 1
 -2
 1
 3
 4
 4
 5
 -1
 6
 8
 9
 5
 2
 1
 7
 9
 12
 13
 19
 23
 27
 27
 24
 16
 11
 7
 2
 -1
 -3
 -6
 -10
 -12
 -16
 -13
 -11
 -14
 -19
 -20
 -20
 -14
 -16
 -18
 -16
 -15
 -10
 -9
 -6
 -4
 -7
 -9
 -4
 0
 3
 -3
 -4
 -4
 0
 3
 0
 -3
 -5
 -9
 -10
 -12
 -9
 9
 42
 86
 140
 204
 264
 296
 274
 198
 101
 -1
 -102
 -187
 -235
 -241
 -202
 -149
 -103
 -68
 -48
 -47
 -40
 -38
 -39
 -34
 -31
 -25
 -19
 -14
 -9
 -6
 -7
 -6
 -4
 0
 3
 1
 -2
 -4
 0
 3
 4
 -2
 -3
 -3
 0
 -1
 0
 2
 5
 4
 5
 7
 8
 4
 -3
 -5
 1
 3
 2
 3
 -2
 -2
 0
 -2
 0
 -1
 -6
 -4
 1
 5
 9
 4
 0
 1
 7
 7
 4
 -1
 2
 7
 9
 7
 8
 5
 6
 3
 4
 7
 7
 4
 6
 4
 10
 12
 11
 11
 8
 9
 13
 14
 13
 14
 13
 14
 13
 14
 14
 12
 10
 7
 12
 15
 11
 9
 9
 7
 8
 6
 3
 1
 -5
 -10
 -8
 -5
 -9
 -10
 -13
 -12
 -12
 -15
 -15
 -15
 -17
 -14
 -10
 -8
 -9
 -11
 -13
 -12
 -11
 -11
 -4
 -2
 -6
 -5
 -4
 -1
 -1
 -6
 -9
 -6
 -2
 -1
 0
 -2
 -5
 -3
 1
 -1
 0
 -5
 -3
 -3
 -3
 1
 5
 3
 5
 1
 3
 4
 -1
 0
 -1
 -1
 0
 4
 5
 3
 -2
 0
 -3
 4
 2
 0
 0
 1
 -1
 6
 0
 1
 -1
 0
 0
 3
 1
 2
 1
 -1
 -2
 1
 1
 -1
 0
 -4
 1
 0
 -1
 -4
 -4
 -5
 0
 2
 6
 6
 3
 0
 2
 2
 3
 -3
 -4
 -4
 4
 5
 5
 -2
 -1
 -1
 6
 0
 2
 2
 5
 5
 4
 5
 9
 5
 0
 2
 8
 14
 15
 17
 18
 23
 28
 23
 19
 12
 7
 1
 -2
 -8
 -6
 -8
 -11
 -13
 -9
 -4
 -7
 -9
 -14
 -13
 -15
 -16
 -16
 -16
 -18
 -14
 -10
 -5
 -4
 -10
 -9
 -8
 -5
 -3
 -3
 -3
 -5
 -4
 0
 -3
 -1
 -2
 -6
 -3
 -4
 -6
 -6
 -11
 -13
 -4
 20
 59
 103
 152
 206
 256
 281
 249
 170
 77
 -15
 -112
 -186
 -225
 -219
 -186
 -145
 -104
 -63
 -41
 -35
 -38
 -39
 -38
 -34
 -29
 -25
 -22
 -21
 -13
 -6
 -3
 -2
 -4
 -3
 -1
 1
 1
 -2
 -2
 0
 -2
 2
 -1
 1
 2
 -2
 -4
 -1
 -1
 3
 0
 -4
 -1
 1
 1
 2
 1
 -2
 -1
 -2
 2
 5
 3
 -2
 -1
 2
 3
 -1
 -4
 -4
 0
 2
 5
 5
 3
 4
 1
 4
 6
 6
 3
 4
 2
 5
 4
 9
 4
 3
 5
 7
 8
 10
 4
 8
 10
 10
 13
 13
 14
 12
 9
 12
 14
 13
 13
 10
 13
 13
 15
 16
 13
 12
 9
 13
 13
 9
 8
 8
 6
 6
 2
 2
 -1
 -5
 -10
 -8
 -6
 -8
 -10
 -12
 -17
 -16
 -14
 -13
 -16
 -17
 -16
 -13
 -10
 -8
 -9
 -9
 -8
 -7
 -4
 -2
 -8
 -7
 -5
 -4
 1
 1
 -1
 1
 -3
 -3
 -1
 0
 -2
 -4
 -4
 -3
 0
 3
 -3
 -3
 -1
 -1
 3
 4
 1
 2
 3
 2
 5
 2
 2
 0
 1
 1
 3
 5
 4
 0
 -1
 -4
 1
 1
 -3
 -4
 0
 3
 9
 6
 3
 0
 0
 -4
 -3
 -3
 -2
 -4
 -3
 2
 3
 5
 1
 -5
 0
 -1
 0
 2
 -2
 -3
 0
 -1
 4
 3
 -1
 -2
 0
 -2
 3
 1
 -3
 0
 1
 2
 4
 2
 1
 2
 2
 5
 4
 7
 3
 4
 10
 12
 15
 23
 26
 28
 26
 16
 17
 11
 3
 -5
 -10
 -10
 -5
 -9
 -10
 -11
 -11
 -8
 -9
 -11
 -13
 -17
 -22
 -19
 -17
 -15
 -14
 -13
 -11
 -4
 -4
 -1
 -5
 -7
 -5
 -1
 -2
 -2
 -8
 -4
 -3
 -1
 -1
 0
 -1
 -3
 -10
 -13
 -11
 -7
 7
 34
 76
 128
 184
 237
 274
 264
 203
 113
 21
 -68
 -159
 -216
 -228
 -201
 -153
 -108
 -73
 -46
 -38
 -37
 -33
 -31
 -35
 -34
 -30
 -22
 -18
 -13
 -13
 -12
 -9
 -6
 -5
 -1
 -3
 -2
 1
 -1
 2
 1
 -4
 -2
 -4
 0
 4
 3
 -1
 -1
 -3
 0
 0
 -2
 -4
 -3
 0
 0
 1
 4
 4
 2
 2
 0
 3
 6
 0
 -4
 -4
 0
 4
 6
 -1
 -1
 2
 3
 -1
 3
 0
 4
 4
 3
 9
 13
 6
 4
 3
 2
 3
 4
 2
 4
 6
 7
 9
 14
 10
 11
 11
 11
 12
 13
 9
 10
 11
 13
 14
 15
 15
 15
 11
 11
 10
 11
 12
 10
 10
 13
 13
 11
 7
 3
 0
 -1
 -3
 -4
 -7
 -8
 -10
 -10
 -10
 -11
 -14
 -14
 -16
 -16
 -12
 -11
 -13
 -15
 -13
 -11
 -8
 -8
 -12
 -10
 -7
 -7
 0
 0
 -3
 -2
 -2
 -3
 -1
 -5
 -7
 -5
 -2
 -4
 3
 2
 -1
 -2
 -2
 -2
 2
 -1
 0
 0
 -1
 0
 1
 1
 0
 -4
 -3
 1
 2
 2
 3
 1
 1
 2
 2
 5
 0
 1
 0
 4
 4
 6
 1
 5
 1
 2
 3
 3
 1
 0
 -2
 -1
 1
 1
 -1
 -3
 -2
 -2
 1
 0
 -3
 0
 0
 0
 3
 2
 1
 2
 -2
 1
 3
 0
 -3
 -1
 -4
 -1
 -1
 2
 4
 5
 2
 4
 5
 6
 1
 1
 1
 4
 7
 3
 2
 6
 8
 15
 23
 26
 31
 28
 21
 14
 9
 3
 -4
 -10
 -13
 -10
 -6
 -5
 -12
 -12
 -11
 -11
 -10
 -13
 -19
 -20
 -17
 -17
 -16
 -14
 -11
 -10
 -8
 -10
 -4
 -1
 -4
 -5
 -4
 -1
 1
 -1
 -2
 0
 -1
 -5
 -7
 -11
 -15
 -10
 -3
 31
 79
 131
 192
 252
 277
 251
 168
 71
 -26
 -117
 -185
 -220
 -210
 -167
 -117
 -72
 -45
 -43
 -44
 -42
 -38
 -37
 -34
 -31
 -22
 -14
 -8
 -6
 -5
 -5
 -3
 0
 -6
 -4
 -2
 1
 0
 4
 -2
 0
 -3
 -3
 1
 1
 0
 0
 1
 -1
 3
 0
 0
 -2
 -3
 -2
 3
 1
 -2
 -3
 -4
 1
 3
 2
 -2
 0
 -1
 3
 4
 4
 3
 3
 2
 4
 3
 3
 4
 3
 2
 2
 6
 8
 5
 4
 5
 8
 11
 11
 8
 9
 9
 10
 13
 13
 9
 10
 7
 7
 14
 15
 14
 15
 11
 16
 19
 9
 8
 6
 4
 7
 7
 6
 10
 7
 5
 7
 6
 4
 2
 -3
 -7
 -6
 -7
 -6
 -8
 -13
 -13
 -11
 -11
 -12
 -17
 -15
 -15
 -12
 -11
 -8
 -10
 -7
 -7
 -7
 -7
 -3
 -5
 -2
 -4
 -7
 1
 4
 -2
 -1
 -5
 -2
 -1
 -1
 -6
 -2
 -5
 -2
 -2
 4
 2
 1
 -1
 0
 2
 4
 1
 -3
 -2
 0
 1
 2
 1
 0
 1
 3
 3
 4
 3
 1
 -2
 1
 2
 3
 3
 0
 0
 -1
 0
 2
 -2
 -4
 -4
 -2
 2
 2
 -4
 -2
 -2
 -1
 0
 0
 -1
 0
 2
 -1
 2
 2
 1
 -2
 -2
 -5
 0
 -2
 -3
 -1
 -1
 0
 3
 2
 4
 3
 2
 1
 3
 2
 -1
 -5
 -7
 -7
 -1
 2
 2
 2
 3
 7
 12
 9
 6
 5
 5
 11
 15
 17
 18
 22
 23
 24
 19
 15
 7
 3
 -6
 -8
 -3
 -5
 -10
 -12
 -13
 -11
 -11
 -12
 -14
 -14
 -17
 -16
 -13
 -12
 -17
 -18
 -15
 -7
 -4
 -6
 -7
 -5
 1
 -3
 -1
 -2
 -1
 -2
 0
 -2
 2
 -3
 -5
 -8
 -8
 -8
 -4
 17
 51
 94
 140
 197
 251
 269
 221
 134
 39
 -54
 -139
 -204
 -231
 -213
 -168
 -117
 -73
 -41
 -35
 -36
 -37
 -30
 -26
 -17
 -23
 -21
 -15
 -7
 -4
 -3
 -8
 -5
 -3
 -1
 0
 1
 -1
 -1
 -2
 -2
 -2
 0
 0
 -4
 -4
 -5
 -1
 3
 1
 -1
 0
 -1
 1
 0
 -2
 0
 -3
 -3
 3
 7
 2
 -3
 -5
 -3
 5
 2
 -2
 0
 -2
 -1
 4
 2
 2
 4
 3
 7
 11
 5
 5
 4
 2
 3
 4
 3
 10
 5
 6
 7
 13
 10
 10
 6
 9
 10
 11
 8
 11
 9
 10
 9
 11
 13
 10
 6
 6
 8
 13
 10
 6
 4
 9
 7
 6
 1
 2
 -1
 1
 -2
 0
 -8
 -4
 -7
 -9
 -12
 -13
 -14
 -6
 -13
 -14
 -11
 -5
 -5
 -9
 -12
 -11
 -5
 -1
 -6
 -8
 -4
 -7
 -4
 -7
 -6
 -3
 0
 -4
 0
 -3
 -2
 -4
 -4
 -4
 -2
 0
 2
 1
 0
 -4
 -4
 1
 0
 -1
 -3
 -3
 1
 6
 5
 -1
 1
 2
 3
 6
 3
 -1
 -1
 -3
 -1
 2
 1
 -3
 -2
 2
 3
 3
 1
 1
 2
 1
 -1
 2
 3
 4
 -1
 -3
 -3
 1
 -1
 -2
 -5
 -5
 -3
 1
 0
 0
 -2
 -1
 -5
 4
 4
 -2
 -4
 -4
 -2
 5
 -1
 -3
 0
 0
 1
 -1
 1
 0
 -1
 0
 -1
 2
 4
 2
 -2
 -1
 2
 8
 8
 4
 5
 6
 7
 6
 4
 3
 4
 2
 4
 10
 19
 22
 23
 24
 22
 24
 18
 7
 -1
 -10
 -12
 -8
 -10
 -16
 -15
 -14
 -12
 -11
 -14
 -19
 -15
 -16
 -17
 -12
 -13
 -16
 -10
 -9
 -8
 -4
 -4
 -1
 0
 -2
 -3
 -1
 -1
 -3
 -4
 -4
 -6
 -4
 -10
 -13
 -10
 3
 42
 93
 146
 210
 272
 299
 261
 165
 59
 -47
 -143
 -217
 -249
 -235
 -179
 -123
 -76
 -47
 -38
 -41
 -34
 -33
 -30
 -26
 -20
 -14
 -7
 -4
 -2
 -3
 -2
 0
 0
 -2
 1
 -1
 -1
 0
 1
 0
 -1
 -6
 -4
 2
 1
 1
 -2
 -2
 2
 5
 3
 2
 -1
 -1
 -1
 3
 0
 -5
 -2
 -4
 0
 4
 0
 0
 4
 0
 2
 3
 3
 2
 5
 1
 2
 4
 4
 2
 4
 4
 6
 11
 12
 10
 12
 11
 7
 13
 11
 11
 12
 9
 10
 14
 12
 11
 12
 12
 16
 16
 15
 11
 11
 9
 7
 7
 6
 7
 8
 10
 4
 8
 5
 1
 1
 -3
 -8
 -4
 -7
 -9
 -11
 -16
 -16
 -14
 -15
 -17
 -18
 -13
 -11
 -7
 -8
 -6
 -5
 -8
 -10
 -6
 -6
 -6
 -7
 -9
 -3
 0
 -3
 -4
 -5
 -5
 -4
 0
 1
 1
 -1
 -3
 0
 2
 0
 -1
 2
 0
 1
 3
 5
 3
 -2
 -3
 -2
 5
 2
 -1
 -4
 0
 0
 7
 6
 3
 3
 4
 2
 1
 2
 -1
 1
 0
 1
 6
 7
 -1
 -1
 -5
 -2
 1
 -1
 -3
 -2
 -1
 5
 4
 4
 2
 4
 3
 0
 0
 0
 -2
 -4
 -6
 -2
 2
 1
 3
 1
 4
 2
 1
 -1
 -1
 -5
 -5
 -3
 2
 4
 3
 0
 -1
 1
 2
 3
 1
 0
 0
 1
 2
 1
 -2
 -1
 -1
 -2
 2
 4
 4
 2
 1
 1
 7
 6
 5
 2
 5
 5
 11
 10
 8
 6
 8
 10
 18
 21
 23
 26
 24
 17
 16
 9
 3
 -7
 -12
 -13
 -8
 -11
 -14
 -17
 -12
 -11
 -8
 -8
 -11
 -15
 -16
 -17
 -15
 -11
 -12
 -10
 -6
 -3
 0
 3
 -2
 -3
 -5
 -3
 -2
 -1
 -4
 -5
 -8
 -3
 -1
 -2
 -6
 -9
 -12
 -5
 13
 48
 95
 151
 219
 284
 310
 268
 175
 66
 -44
 -148
 -222
 -252
 -237
 -187
 -131
 -81
 -47
 -40
 -43
 -42
 -46
 -42
 -32
 -24
 -18
 -16
 -11
 -4
 -2
 -5
 -9
 -7
 -3
 -5
 -2
 0
 2
 3
 0
 -3
 1
 4
 0
 -3
 -1
 -3
 1
 2
 1
 -3
 -4
 -7
 0
 2
 1
 -1
 4
 4
 7
 4
 2
 -1
 0
 -1
 0
 3
 1
 -3
 0
 1
 5
 7
 2
 4
 5
 6
 8
 9
 9
 8
 6
 8
 10
 11
 10
 5
 8
 8
 13
 13
 12
 8
 14
 12
 16
 15
 12
 8
 10
 9
 12
 12
 9
 9
 9
 6
 8
 5
 5
 2
 0
 1
 7
 2
 2
 -6
 -7
 -10
 -12
 -15
 -14
 -18
 -16
 -18
 -12
 -11
 -13
 -14
 -9
 -10
 -6
 -8
 -8
 -7
 -6
 -12
 -4
 -4
 -3
 -3
 -4
 -6
 1
 -1
 1
 -4
 -3
 -2
 0
 -1
 0
 -4
 -2
 -2
 1
 2
 1
 -1
 1
 3
 1
 1
 3
 0
 1
 0
 0
 2
 1
 -3
 -2
 -2
 3
 3
 1
 -1
 -3
 0
 0
 -2
 -2
 0
 -2
 1
 2
 2
 0
 -1
 -4
 -2
 -3
 -4
 -4
 -4
 -4
 -4
 -1
 2
 2
 -2
 -3
 -3
 0
 0
 -3
 -3
 -2
 -2
 0
 1
 -2
 -1
 -2
 -3
 2
 1
 -3
 -2
 -3
 -3
 2
 1
 1
 1
 0
 -1
 -3
 -4
 -3
 -3
 -4
 -4
 -1
 2
 2
 -3
 -6
 -2
 -1
 -1
 -2
 1
 4
 2
 2
 4
 5
 5
 -2
 -5
 5
 8
 5
 3
 2
 2
 5
 1
 2
 8
 15
 21
 30
 33
 29
 22
 16
 4
 -1
 -5
 -11
 -10
 -10
 -11
 -9
 -8
 -11
 -11
 -12
 -16
 -15
 -14
 -19
 -20
 -20
 -18
 -11
 -11
 -7
 -4
 -5
 -4
 -4
 -3
 0
 -4
 -4
 -2
 0
 1
 -2
 -6
 -5
 -3
 -1
 -1
 -3
 -8
 -9
 -7
 1
 30
 68
 117
 174
 237
 284
 285
 214
 106
 -6
 -110
 -189
 -238
 -256
 -224
 -163
 -99
 -49
 -34
 -36
 -35
 -31
 -23
 -22
 -18
 -14
 -14
 -8
 -6
 -3
 -2
 -2
 -5
 -2
 -3
 1
 3
 3
 0
 -1
 -3
 0
 2
 -4
 -2
 -2
 1
 3
 5
 3
 6
 -2
 -3
 -2
 2
 2
 1
 -1
 2
 6
 7
 6
 -1
 -3
 -5
 1
 2
 3
 -4
 1
 2
 5
 4
 4
 0
 4
 2
 5
 6
 6
 3
 4
 7
 11
 12
 12
 9
 9
 11
 11
 12
 13
 11
 11
 13
 14
 13
 12
 11
 10
 12
 12
 12
 9
 7
 5
 4
 6
 7
 3
 4
 3
 2
 2
 -2
 -1
 -3
 -6
 -10
 -12
 -11
 -11
 -17
 -15
 -14
 -9
 -5
 -4
 -10
 -9
 -9
 -9
 -8
 -9
 -11
 -6
 -8
 -4
 -1
 -4
 -6
 -4
 -6
 1
 0
 0
 0
 -3
 -4
 1
 0
 0
 -3
 -4
 -3
 0
 3
 2
 0
 2
 2
 8
 5
 2
 0
 2
 -1
 1
 -1
 2
 1
 -1
 -5
 -1
 3
 2
 1
 -2
 0
 2
 2
 -2
 -5
 -5
 -3
 0
 1
 2
 -1
 0
 -2
 2
 -2
 -1
 -4
 0
 0
 0
 -3
 -1
 -3
 0
 -3
 0
 1
 1
 1
 -1
 -6
 -1
 1
 0
 -3
 -4
 -3
 -1
 -1
 -2
 -2
 0
 0
 3
 3
 -2
 -3
 -4
 -3
 0
 -5
 -3
 -1
 -4
 -3
 -2
 -1
 3
 2
 2
 1
 3
 2
 -2
 -4
 -3
 -6
 -2
 -1
 -2
 -2
 1
 -2
 2
 2
 2
 3
 4
 2
 6
 8
 5
 2
 5
 2
 7
 5
 5
 7
 10
 10
 18
 23
 25
 23
 18
 12
 10
 4
 -5
 -8
 -12
 -11
 -6
 -9
 -7
 -9
 -10
 -12
 -9
 -10
 -11
 -17
 -18
 -18
 -14
 -12
 -11
 -10
 -8
 -8
 -6
 -5
 -3
 -3
 -4
 -6
 -2
 -1
 0
 -3
 -5
 -5
 2
 1
 0
 -5
 -9
 -12
 -12
 -9
 4
 30
 72
 118
 173
 232
 282
 293
 250
 156
 55
 -50
 -150
 -230
 -266
 -259
 -214
 -159
 -105
 -66
 -45
 -38
 -30
 -22
 -18
 -21
 -16
 -15
 -7
 -6
 -2
 -4
 1
 -3
 0
 -3
 1
 -1
 -2
 -6
 -1
 3
 2
 -2
 -3
 0
 2
 2
 1
 0
 1
 0
 2
 4
 2
 -1
 1
 -3
 2
 1
 -1
 -1
 -2
 -3
 0
 3
 2
 3
 1
 1
 3
 5
 3
 4
 0
 2
 5
 4
 5
 3
 4
 3
 5
 5
 9
 7
 3
 1
 8
 10
 10
 6
 6
 10
 10
 12
 11
 10
 10
 10
 12
 14
 11
 11
 9
 11
 11
 13
 12
 11
 9
 9
 9
 13
 10
 8
 4
 0
 1
 2
 2
 -3
 -5
 -5
 -3
 -3
 -7
 -12
 -11
 -15
 -12
 -10
 -12
 -13
 -13
 -15
 -6
 -5
 -6
 -7
 -8
 -8
 -4
 -4
 -3
 -3
 -4
 -4
 -3
 0
 1
 -7
 -9
 -5
 -1
 2
 1
 -5
 1
 2
 5
 7
 3
 -1
 2
 -4
 0
 -1
 -1
 0
 3
 0
 7
 6
 6
 5
 3
 -1
 4
 4
 4
 2
 -3
 -2
 0
 2
 3
 1
 0
 0
 0
 1
 -1
 -4
 -4
 -4
 2
 3
 5
 1
 0
 -1
 0
 1
 0
 -1
 -2
 -3
 -1
 2
 0
 1
 -3
 -1
 4
 4
 1
 -1
 -5
 -2
 0
 -1
 0
 0
 -2
 -1
 0
 1
 2
 -3
 -3
 0
 3
 5
 2
 -1
 1
 -1
 -1
 1
 -3
 -4
 -1
 -1
 1
 1
 -1
 2
 2
 -1
 -1
 3
 2
 3
 -6
 -5
 0
 4
 1
 -1
 -3
 2
 5
 3
 4
 2
 5
 4
 6
 8
 7
 4
 5
 0
 4
 6
 5
 6
 9
 14
 23
 28
 29
 25
 19
 9
 5
 1
 -6
 -11
 -13
 -12
 -8
 -9
 -11
 -10
 -12
 -13
 -12
 -12
 -18
 -16
 -21
 -18
 -13
 -11
 -9
 -3
 -6
 -4
 -4
 -6
 -3
 -4
 -7
 -6
 -3
 -2
 2
 -2
 -3
 -2
 -1
 -1
 -4
 -9
 -13
 -11
 -3
 17
 48
 100
 147
 207
 268
 305
 285
 209
 102
 1
 -103
 -198
 -256
 -260
 -224
 -178
 -127
 -77
 -46
 -34
 -40
 -39
 -30
 -23
 -24
 -24
 -18
 -13
 -5
 -1
 -3
 -2
 -2
 -8
 -3
 -3
 -3
 -5
 -5
 -1
 3
 3
 3
 1
 2
 -1
 -2
 -1
 1
 3
 0
 -2
 0
 4
 3
 3
 -3
 -1
 3
 4
 5
 3
 -4
 0
 2
 5
 4
 -2
 2
 3
 3
 3
 3
 4
 4
 0
 4
 3
 6
 4
 0
 1
 5
 8
 9
 5
 3
 4
 8
 7
 10
 9
 8
 9
 13
 11
 12
 7
 6
 9
 12
 13
 14
 11
 9
 11
 11
 13
 9
 6
 8
 7
 10
 12
 8
 9
 7
 2
 4
 3
 -2
 -7
 -6
 -7
 -3
 -4
 -8
 -7
 -9
 -13
 -11
 -13
 -12
 -15
 -17
 -13
 -11
 -10
 -9
 -10
 -10
 -8
 -7
 -4
 -5
 -6
 -3
 -3
 -1
 -1
 -2
 -2
 -2
 -6
 -2
 0
 0
 0
 0
 0
 4
 4
 4
 3
 1
 1
 1
 0
 3
 -2
 0
 -3
 0
 4
 4
 0
 2
 -2
 4
 4
 2
 0
 -2
 -1
 4
 2
 2
 -1
 -3
 -1
 -2
 0
 -3
 0
 -2
 -2
 1
 2
 0
 4
 -4
 -2
 3
 2
 2
 1
 -1
 3
 1
 -1
 1
 0
 -5
 -4
 -4
 4
 2
 2
 -1
 0
 1
 1
 -1
 1
 -2
 -3
 0
 1
 1
 -1
 -3
 -4
 0
 3
 4
 2
 -4
 -3
 -1
 0
 0
 -1
 -5
 1
 4
 4
 3
 0
 -3
 0
 1
 -2
 -3
 -3
 0
 -1
 1
 -1
 4
 2
 1
 -4
 -1
 2
 3
 -1
 -1
 -2
 -1
 3
 1
 -1
 -1
 0
 2
 4
 1
 1
 3
 2
 5
 7
 7
 4
 3
 1
 5
 3
 3
 5
 7
 9
 19
 25
 30
 30
 23
 17
 15
 9
 0
 -6
 -10
 -10
 -6
 -7
 -8
 -11
 -10
 -14
 -11
 -13
 -13
 -19
 -17
 -22
 -14
 -14
 -10
 -9
 -7
 -8
 -2
 -1
 -2
 -3
 -7
 -4
 -3
 -3
 -1
 -2
 -5
 -4
 0
 3
 4
 -6
 -8
 -11
 -7
 -7
 0
 20
 57
 102
 159
 217
 266
 286
 256
 180
 82
 -18
 -119
 -201
 -243
 -242
 -205
 -150
 -105
 -67
 -46
 -40
 -37
 -33
 -31
 -27
 -24
 -20
 -13
 -8
 -5
 -6
 -5
 -8
 -4
 -3
 -1
 -3
 -3
 -6
 0
 0
 1
 -3
 -3
 0
 0
 -1
 2
 2
 0
 0
 0
 3
 4
 0
 -2
 0
 3
 3
 3
 2
 1
 -1
 1
 1
 2
 0
 -2
 -2
 3
 1
 3
 -1
 3
 1
 5
 5
 8
 4
 6
 1
 5
 5
 6
 4
 5
 4
 8
 9
 12
 6
 6
 7
 9
 11
 13
 9
 10
 9
 10
 14
 11
 10
 9
 9
 13
 14
 11
 12
 10
 8
 9
 10
 10
 10
 7
 4
 7
 9
 6
 2
 -2
 -2
 0
 -1
 -1
 -4
 -9
 -9
 -9
 -9
 -8
 -11
 -14
 -10
 -9
 -8
 -9
 -12
 -14
 -14
 -12
 -8
 -8
 -8
 -9
 -7
 -1
 1
 -3
 -3
 -5
 -4
 -3
 -4
 -4
 -3
 -4
 -2
 1
 3
 4
 3
 1
 -1
 1
 2
 4
 2
 -1
 0
 4
 5
 5
 0
 -1
 1
 1
 2
 3
 0
 2
 1
 2
 5
 4
 0
 0
 -4
 1
 2
 0
 1
 1
 2
 5
 4
 4
 3
 0
 -5
 -4
 -3
 -3
 -4
 -6
 -6
 1
 2
 4
 3
 -3
 -1
 2
 2
 1
 -3
 -2
 0
 3
 -1
 2
 1
 0
 -1
 0
 2
 5
 -1
 -3
 -3
 -1
 4
 1
 1
 0
 -2
 3
 3
 4
 -2
 -2
 -1
 3
 -1
 -1
 -3
 0
 -3
 1
 4
 6
 3
 0
 -1
 3
 1
 0
 1
 1
 2
 2
 -2
 1
 0
 -3
 -4
 -3
 4
 9
 5
 4
 2
 3
 7
 7
 4
 6
 1
 6
 8
 6
 7
 10
 13
 25
 29
 28
 22
 14
 8
 2
 -3
 -12
 -12
 -12
 -9
 -9
 -7
 -8
 -8
 -14
 -12
 -12
 -11
 -12
 -16
 -15
 -15
 -12
 -7
 -6
 -4
 -4
 -7
 0
 1
 -2
 -3
 -6
 -4
 -1
 2
 -2
 -3
 -4
 -3
 -1
 3
 -4
 -10
 -14
 -6
 18
 60
 105
 160
 226
 282
 303
 260
 160
 52
 -55
 -157
 -232
 -265
 -254
 -204
 -146
 -95
 -53
 -33
 -30
 -29
 -28
 -26
 -20
 -17
 -15
 -11
 -5
 -2
 -1
 1
 2
 1
 -2
 -6
 -3
 -2
 -2
 -4
 -4
 -2
 3
 4
 8
 2
 -1
 -2
 -1
 1
 2
 -3
 -1
 -3
 0
 3
 2
 3
 0
 -2
 1
 2
 3
 2
 -4
 -2
 3
 6
 5
 3
 2
 3
 4
 4
 6
 9
 2
 2
 5
 7
 5
 5
 2
 6
 8
 8
 7
 9
 5
 4
 6
 13
 16
 14
 10
 8
 9
 13
 10
 6
 6
 7
 13
 15
 11
 6
 4
 5
